y1 Freq
0 11471
0.001 22190
0.002 22148
0.003 22285
0.004 28067
0.005 51833
0.006 62465
0.007 72920
0.008 82547
0.009 92673
0.01 102697
0.011 111499
0.012 122133
0.013 131805
0.014 141396
0.015 150631
0.016 160798
0.017 169617
0.018 179561
0.019 188554
0.02 198523
0.021 207815
0.022 216208
0.023 224699
0.024 234738
0.025 244749
0.026 252764
0.027 260900
0.028 269892
0.029 278012
0.03 287269
0.031 295822
0.032 304023
0.033 312667
0.034 320878
0.035 328858
0.036 336557
0.037 345854
0.038 353120
0.039 361042
0.04 368735
0.041 377237
0.042 385753
0.043 394319
0.044 399784
0.045 408197
0.046 417290
0.047 424127
0.048 431646
0.049 438566
0.05 445976
0.051 452925
0.052 461062
0.053 468610
0.054 475423
0.055 482222
0.056 490052
0.057 497640
0.058 504532
0.059 510626
0.06 516446
0.061 524403
0.062 532156
0.063 536542
0.064 545251
0.065 550590
0.066 556656
0.067 564591
0.068 571002
0.069 576081
0.07 582702
0.071 589532
0.072 596371
0.073 603622
0.074 605933
0.075 613741
0.076 620183
0.077 627594
0.078 632699
0.079 637182
0.08 643927
0.081 649337
0.082 656150
0.083 661968
0.084 666576
0.085 673865
0.086 678107
0.087 685047
0.088 690544
0.089 695601
0.09 700870
0.091 706863
0.092 712833
0.093 716788
0.094 720629
0.095 726107
0.096 732319
0.097 736322
0.098 742032
0.099 748643
0.1 751234
0.101 757892
0.102 761910
0.103 767754
0.104 772232
0.105 776690
0.106 781058
0.107 785992
0.108 789992
0.109 796328
0.11 799392
0.111 804097
0.112 809422
0.113 814285
0.114 818445
0.115 822735
0.116 824749
0.117 829156
0.118 834419
0.119 839634
0.12 842967
0.121 847336
0.122 851237
0.123 857167
0.124 860155
0.125 863865
0.126 867761
0.127 872360
0.128 875758
0.129 879837
0.13 884078
0.131 886833
0.132 890086
0.133 893359
0.134 897839
0.135 901424
0.136 904385
0.137 907961
0.138 911481
0.139 917863
0.14 919897
0.141 922151
0.142 924536
0.143 928788
0.144 932858
0.145 936647
0.146 938306
0.147 941986
0.148 944938
0.149 949293
0.15 953088
0.151 955132
0.152 958208
0.153 960604
0.154 963045
0.155 968108
0.156 969935
0.157 971912
0.158 975475
0.159 978107
0.16 981755
0.161 982267
0.162 987206
0.163 989719
0.164 992242
0.165 995354
0.166 998796
0.167 999751
0.168 1004043
0.169 1007870
0.17 1006841
0.171 1012731
0.172 1013575
0.173 1015747
0.174 1016222
0.175 1020919
0.176 1023870
0.177 1023687
0.178 1028260
0.179 1028989
0.18 1034249
0.181 1034202
0.182 1038076
0.183 1038323
0.184 1041666
0.185 1044465
0.186 1045681
0.187 1047792
0.188 1051136
0.189 1051246
0.19 1052669
0.191 1054784
0.192 1059416
0.193 1060043
0.194 1060476
0.195 1063508
0.196 1066691
0.197 1066661
0.198 1069157
0.199 1070669
0.2 1071755
0.201 1072653
0.202 1076972
0.203 1078155
0.204 1078945
0.205 1078819
0.206 1082226
0.207 1083248
0.208 1085204
0.209 1087477
0.21 1088444
0.211 1089928
0.212 1092671
0.213 1093893
0.214 1095666
0.215 1096893
0.216 1099344
0.217 1098910
0.218 1099253
0.219 1100303
0.22 1101326
0.221 1104874
0.222 1105955
0.223 1106998
0.224 1109310
0.225 1108975
0.226 1108594
0.227 1113125
0.228 1111982
0.229 1114453
0.23 1114034
0.231 1115423
0.232 1116955
0.233 1116823
0.234 1119535
0.235 1123008
0.236 1121759
0.237 1125161
0.238 1124667
0.239 1124873
0.24 1124541
0.241 1125844
0.242 1128016
0.243 1127806
0.244 1129998
0.245 1129087
0.246 1129029
0.247 1131811
0.248 1134181
0.249 1133438
0.25 1135825
0.251 1135484
0.252 1134050
0.253 1136309
0.254 1137507
0.255 1136669
0.256 1137865
0.257 1138510
0.258 1142584
0.259 1139574
0.26 1137667
0.261 1139239
0.262 1141606
0.263 1140715
0.264 1142627
0.265 1144693
0.266 1143864
0.267 1142104
0.268 1143744
0.269 1145106
0.27 1143661
0.271 1144832
0.272 1146810
0.273 1145752
0.274 1148540
0.275 1146447
0.276 1149893
0.277 1147590
0.278 1148082
0.279 1147601
0.28 1146124
0.281 1148058
0.282 1148150
0.283 1148912
0.284 1151072
0.285 1150403
0.286 1150062
0.287 1148321
0.288 1148985
0.289 1150990
0.29 1151573
0.291 1151810
0.292 1150413
0.293 1150840
0.294 1151304
0.295 1151193
0.296 1149386
0.297 1151593
0.298 1151606
0.299 1151269
0.3 1150152
0.301 1152777
0.302 1152346
0.303 1152474
0.304 1150541
0.305 1151711
0.306 1150396
0.307 1150597
0.308 1150257
0.309 1152163
0.31 1150723
0.311 1149264
0.312 1150706
0.313 1148443
0.314 1150488
0.315 1149805
0.316 1150965
0.317 1150355
0.318 1148856
0.319 1149188
0.32 1149183
0.321 1147685
0.322 1147921
0.323 1150019
0.324 1147288
0.325 1147147
0.326 1147762
0.327 1146791
0.328 1144425
0.329 1146205
0.33 1147450
0.331 1145204
0.332 1142640
0.333 1146139
0.334 1144839
0.335 1144555
0.336 1145081
0.337 1145112
0.338 1141289
0.339 1143843
0.34 1143273
0.341 1142600
0.342 1141140
0.343 1144076
0.344 1140235
0.345 1139791
0.346 1139563
0.347 1140112
0.348 1140923
0.349 1139057
0.35 1139860
0.351 1137625
0.352 1138099
0.353 1136788
0.354 1134248
0.355 1134403
0.356 1135076
0.357 1136410
0.358 1133435
0.359 1132625
0.36 1134186
0.361 1131608
0.362 1131835
0.363 1131270
0.364 1131020
0.365 1128799
0.366 1127672
0.367 1128335
0.368 1129532
0.369 1126453
0.37 1125830
0.371 1125905
0.372 1124805
0.373 1123438
0.374 1123250
0.375 1122333
0.376 1122738
0.377 1121537
0.378 1120782
0.379 1120970
0.38 1119332
0.381 1119024
0.382 1117720
0.383 1116284
0.384 1115526
0.385 1117362
0.386 1114824
0.387 1114958
0.388 1112310
0.389 1112677
0.39 1112323
0.391 1111843
0.392 1109381
0.393 1110259
0.394 1110073
0.395 1108394
0.396 1107299
0.397 1106644
0.398 1104435
0.399 1103620
0.4 1102443
0.401 1104385
0.402 1102076
0.403 1101506
0.404 1102804
0.405 1097989
0.406 1098066
0.407 1097330
0.408 1093759
0.409 1096508
0.41 1093990
0.411 1093523
0.412 1091901
0.413 1092863
0.414 1091687
0.415 1090174
0.416 1088903
0.417 1088638
0.418 1087423
0.419 1085320
0.42 1083530
0.421 1083461
0.422 1084063
0.423 1082665
0.424 1081340
0.425 1080096
0.426 1079745
0.427 1077862
0.428 1077530
0.429 1076997
0.43 1075713
0.431 1074602
0.432 1071991
0.433 1073120
0.434 1071983
0.435 1069356
0.436 1069592
0.437 1067952
0.438 1067333
0.439 1066930
0.44 1064016
0.441 1064316
0.442 1061872
0.443 1060985
0.444 1059925
0.445 1058869
0.446 1057993
0.447 1059140
0.448 1057694
0.449 1054795
0.45 1055431
0.451 1052790
0.452 1052843
0.453 1051148
0.454 1050476
0.455 1046757
0.456 1048353
0.457 1046272
0.458 1046013
0.459 1043851
0.46 1041815
0.461 1041553
0.462 1042268
0.463 1039871
0.464 1036244
0.465 1036938
0.466 1034836
0.467 1035240
0.468 1033543
0.469 1032994
0.47 1031606
0.471 1029107
0.472 1029285
0.473 1028918
0.474 1028961
0.475 1024323
0.476 1024296
0.477 1023565
0.478 1022324
0.479 1020187
0.48 1021290
0.481 1018211
0.482 1017931
0.483 1016225
0.484 1017467
0.485 1015749
0.486 1013099
0.487 1011541
0.488 1011116
0.489 1008916
0.49 1009505
0.491 1006264
0.492 1006575
0.493 1003894
0.494 1003966
0.495 1002388
0.496 1002221
0.497 998596
0.498 996242
0.499 996964
0.5 998669
0.501 993671
0.502 994079
0.503 992214
0.504 990567
0.505 989472
0.506 988216
0.507 986145
0.508 986011
0.509 983982
0.51 983347
0.511 980795
0.512 980102
0.513 979904
0.514 978515
0.515 979888
0.516 975367
0.517 975278
0.518 975082
0.519 971386
0.52 970994
0.521 968601
0.522 969362
0.523 966312
0.524 967220
0.525 963799
0.526 963396
0.527 961854
0.528 960232
0.529 958982
0.53 958003
0.531 956144
0.532 955282
0.533 953032
0.534 951789
0.535 951477
0.536 950130
0.537 948461
0.538 948552
0.539 946727
0.54 944942
0.541 941844
0.542 941871
0.543 940457
0.544 940167
0.545 938190
0.546 935736
0.547 934993
0.548 934960
0.549 931284
0.55 932613
0.551 929956
0.552 929703
0.553 928287
0.554 927110
0.555 924696
0.556 923041
0.557 921948
0.558 918729
0.559 917674
0.56 915730
0.561 916643
0.562 915585
0.563 913390
0.564 911603
0.565 910636
0.566 910352
0.567 907489
0.568 906240
0.569 905301
0.57 905701
0.571 901276
0.572 901503
0.573 898253
0.574 898400
0.575 898267
0.576 895285
0.577 893001
0.578 892389
0.579 891876
0.58 890341
0.581 888413
0.582 886423
0.583 887252
0.584 884135
0.585 883445
0.586 880899
0.587 880630
0.588 878079
0.589 877294
0.59 876461
0.591 873671
0.592 873799
0.593 869951
0.594 870183
0.595 868518
0.596 867354
0.597 865833
0.598 864079
0.599 862881
0.6 864555
0.601 862717
0.602 860569
0.603 859043
0.604 856350
0.605 858168
0.606 854829
0.607 852419
0.608 850796
0.609 849624
0.61 847464
0.611 847143
0.612 846289
0.613 845316
0.614 842982
0.615 840785
0.616 839335
0.617 839970
0.618 838117
0.619 838078
0.62 836643
0.621 835077
0.622 833033
0.623 832604
0.624 828769
0.625 829226
0.626 826687
0.627 824401
0.628 825069
0.629 822298
0.63 820922
0.631 820964
0.632 818480
0.633 815600
0.634 817007
0.635 813629
0.636 813472
0.637 813104
0.638 812421
0.639 809961
0.64 807877
0.641 806924
0.642 805953
0.643 803791
0.644 802353
0.645 801494
0.646 799563
0.647 799003
0.648 797120
0.649 796383
0.65 795482
0.651 794408
0.652 792504
0.653 790149
0.654 789955
0.655 787745
0.656 787196
0.657 785160
0.658 784268
0.659 782963
0.66 781038
0.661 778703
0.662 778223
0.663 777969
0.664 775646
0.665 772246
0.666 773648
0.667 773023
0.668 770609
0.669 768459
0.67 766887
0.671 766283
0.672 763821
0.673 763553
0.674 760903
0.675 760775
0.676 759791
0.677 759955
0.678 757369
0.679 753371
0.68 754471
0.681 752693
0.682 753492
0.683 751459
0.684 749601
0.685 746379
0.686 746417
0.687 743342
0.688 744766
0.689 742276
0.69 741761
0.691 738843
0.692 737344
0.693 738268
0.694 734827
0.695 735500
0.696 733513
0.697 731981
0.698 728586
0.699 729869
0.7 726061
0.701 726711
0.702 725430
0.703 723322
0.704 723374
0.705 721081
0.706 719872
0.707 716964
0.708 717700
0.709 716082
0.71 714563
0.711 714945
0.712 712142
0.713 712206
0.714 710146
0.715 706700
0.716 708206
0.717 705528
0.718 704549
0.719 704248
0.72 700328
0.721 700503
0.722 698399
0.723 697277
0.724 696889
0.725 693391
0.726 694700
0.727 694610
0.728 691680
0.729 690439
0.73 689861
0.731 688646
0.732 688303
0.733 684990
0.734 684437
0.735 683524
0.736 679687
0.737 681013
0.738 677549
0.739 677923
0.74 677201
0.741 675648
0.742 673932
0.743 673123
0.744 674877
0.745 671372
0.746 669063
0.747 667581
0.748 666461
0.749 666710
0.75 665385
0.751 662316
0.752 661423
0.753 660610
0.754 658068
0.755 657780
0.756 656837
0.757 656056
0.758 655612
0.759 653210
0.76 652063
0.761 651580
0.762 651001
0.763 649545
0.764 646983
0.765 646231
0.766 647108
0.767 643096
0.768 642881
0.769 640376
0.77 640454
0.771 638906
0.772 637611
0.773 636647
0.774 635423
0.775 634451
0.776 633156
0.777 630165
0.778 630136
0.779 629214
0.78 627683
0.781 625178
0.782 624538
0.783 623743
0.784 622592
0.785 622685
0.786 620806
0.787 618958
0.788 617891
0.789 617252
0.79 615662
0.791 615846
0.792 615020
0.793 612619
0.794 611719
0.795 610916
0.796 608970
0.797 608799
0.798 606283
0.799 605863
0.8 603907
0.801 604909
0.802 602946
0.803 600839
0.804 600286
0.805 598142
0.806 599433
0.807 597529
0.808 595798
0.809 594322
0.81 593551
0.811 592563
0.812 591053
0.813 590514
0.814 588806
0.815 588504
0.816 586782
0.817 584895
0.818 585669
0.819 584110
0.82 582874
0.821 580246
0.822 580000
0.823 577802
0.824 578855
0.825 577116
0.826 574129
0.827 572833
0.828 573643
0.829 573630
0.83 570907
0.831 569204
0.832 569589
0.833 568242
0.834 566924
0.835 566108
0.836 564067
0.837 565336
0.838 562754
0.839 559475
0.84 559462
0.841 559578
0.842 557214
0.843 558002
0.844 555613
0.845 553484
0.846 554572
0.847 552362
0.848 550968
0.849 549105
0.85 550102
0.851 547136
0.852 546762
0.853 546748
0.854 544317
0.855 544214
0.856 542566
0.857 542255
0.858 539749
0.859 538286
0.86 537442
0.861 537183
0.862 537175
0.863 536805
0.864 532887
0.865 535264
0.866 531394
0.867 530739
0.868 530635
0.869 528348
0.87 526720
0.871 527644
0.872 526760
0.873 525794
0.874 523997
0.875 522150
0.876 521886
0.877 520811
0.878 520077
0.879 518781
0.88 516674
0.881 515663
0.882 516174
0.883 516449
0.884 513685
0.885 513671
0.886 511489
0.887 511971
0.888 509636
0.889 509157
0.89 508572
0.891 505984
0.892 505312
0.893 504484
0.894 504607
0.895 504150
0.896 501607
0.897 500813
0.898 498962
0.899 499615
0.9 498472
0.901 496254
0.902 497098
0.903 494595
0.904 493987
0.905 492589
0.906 491393
0.907 491186
0.908 489012
0.909 488507
0.91 487976
0.911 487305
0.912 486503
0.913 485486
0.914 484165
0.915 483090
0.916 482220
0.917 481758
0.918 481267
0.919 479862
0.92 478569
0.921 477329
0.922 477602
0.923 476949
0.924 474792
0.925 474796
0.926 472739
0.927 471592
0.928 471446
0.929 469218
0.93 469429
0.931 467264
0.932 467063
0.933 466813
0.934 464873
0.935 464989
0.936 464191
0.937 462632
0.938 461954
0.939 460058
0.94 459680
0.941 459702
0.942 458356
0.943 458058
0.944 457171
0.945 454792
0.946 454117
0.947 453195
0.948 451988
0.949 452226
0.95 449917
0.951 450268
0.952 449622
0.953 446782
0.954 446797
0.955 446556
0.956 446251
0.957 443584
0.958 444275
0.959 443544
0.96 442207
0.961 441515
0.962 440289
0.963 440138
0.964 438784
0.965 437517
0.966 436193
0.967 436229
0.968 434923
0.969 433246
0.97 433359
0.971 433125
0.972 431537
0.973 430200
0.974 429328
0.975 427115
0.976 428092
0.977 427244
0.978 427357
0.979 424783
0.98 424722
0.981 424675
0.982 422600
0.983 421809
0.984 421450
0.985 419646
0.986 418836
0.987 418516
0.988 418802
0.989 416773
0.99 417346
0.991 416006
0.992 414682
0.993 413688
0.994 413492
0.995 413074
0.996 410605
0.997 410465
0.998 408585
0.999 408504
1 408092
1.001 407641
1.002 406277
1.003 406195
1.004 404364
1.005 403649
1.006 403020
1.007 401084
1.008 401581
1.009 399708
1.01 399141
1.011 399055
1.012 398332
1.013 396676
1.014 397158
1.015 395286
1.016 395883
1.017 395367
1.018 392708
1.019 391425
1.02 390993
1.021 390928
1.022 391467
1.023 389577
1.024 388733
1.025 388208
1.026 386341
1.027 385439
1.028 384725
1.029 385238
1.03 383731
1.031 382443
1.032 382152
1.033 380325
1.034 381165
1.035 380529
1.036 380097
1.037 379237
1.038 376679
1.039 377640
1.04 375891
1.041 373631
1.042 373794
1.043 373660
1.044 373196
1.045 372464
1.046 372008
1.047 370484
1.048 368984
1.049 370655
1.05 368452
1.051 368049
1.052 366636
1.053 365683
1.054 364948
1.055 364428
1.056 364300
1.057 362601
1.058 362600
1.059 361766
1.06 360828
1.061 360244
1.062 359640
1.063 359803
1.064 358017
1.065 356804
1.066 356084
1.067 355832
1.068 355385
1.069 354688
1.07 353782
1.071 352365
1.072 352243
1.073 351761
1.074 350995
1.075 349711
1.076 350118
1.077 348278
1.078 347728
1.079 346513
1.08 346473
1.081 346930
1.082 344478
1.083 345187
1.084 344002
1.085 343143
1.086 342450
1.087 341473
1.088 339795
1.089 339169
1.09 338762
1.091 337846
1.092 339307
1.093 337890
1.094 337347
1.095 336816
1.096 336770
1.097 334973
1.098 333110
1.099 333852
1.1 332075
1.101 331790
1.102 330895
1.103 329675
1.104 330721
1.105 329428
1.106 328778
1.107 328072
1.108 327206
1.109 326903
1.11 325858
1.111 325577
1.112 324825
1.113 323391
1.114 324225
1.115 322363
1.116 322765
1.117 321047
1.118 320145
1.119 319816
1.12 319163
1.121 318261
1.122 318294
1.123 317450
1.124 316261
1.125 316900
1.126 315191
1.127 314411
1.128 314502
1.129 313113
1.13 312072
1.131 312013
1.132 312189
1.133 311370
1.134 310372
1.135 309820
1.136 308367
1.137 307302
1.138 307191
1.139 307791
1.14 305809
1.141 305802
1.142 305164
1.143 304619
1.144 303226
1.145 302931
1.146 302641
1.147 302346
1.148 300407
1.149 300925
1.15 301433
1.151 299260
1.152 299704
1.153 298460
1.154 297337
1.155 296860
1.156 297091
1.157 296448
1.158 294904
1.159 294411
1.16 294460
1.161 293278
1.162 293627
1.163 292602
1.164 292683
1.165 292340
1.166 290064
1.167 288983
1.168 290018
1.169 288799
1.17 287385
1.171 287269
1.172 287172
1.173 286005
1.174 286306
1.175 284566
1.176 284175
1.177 284286
1.178 282849
1.179 281884
1.18 281772
1.181 282150
1.182 281537
1.183 281272
1.184 280122
1.185 279987
1.186 278607
1.187 278081
1.188 276259
1.189 276552
1.19 276539
1.191 275668
1.192 275706
1.193 274749
1.194 272984
1.195 273562
1.196 273048
1.197 272407
1.198 272319
1.199 271367
1.2 270701
1.201 270471
1.202 270468
1.203 269142
1.204 268351
1.205 268585
1.206 267820
1.207 266004
1.208 266519
1.209 265391
1.21 265022
1.211 264759
1.212 263940
1.213 263752
1.214 263020
1.215 262282
1.216 262534
1.217 261843
1.218 261682
1.219 260435
1.22 259615
1.221 259713
1.222 258272
1.223 258920
1.224 257286
1.225 257294
1.226 256421
1.227 255489
1.228 255580
1.229 255014
1.23 254493
1.231 253761
1.232 252598
1.233 252786
1.234 251629
1.235 251994
1.236 250522
1.237 249868
1.238 249541
1.239 249455
1.24 249085
1.241 248182
1.242 248897
1.243 248049
1.244 247191
1.245 246474
1.246 246326
1.247 244791
1.248 243930
1.249 244885
1.25 244158
1.251 243335
1.252 242070
1.253 242944
1.254 240930
1.255 241292
1.256 240718
1.257 239986
1.258 240203
1.259 239948
1.26 237846
1.261 238583
1.262 238623
1.263 238058
1.264 237057
1.265 236416
1.266 236511
1.267 235756
1.268 233787
1.269 234473
1.27 234588
1.271 233145
1.272 233254
1.273 233402
1.274 232075
1.275 231630
1.276 231362
1.277 231300
1.278 230251
1.279 229815
1.28 228436
1.281 227990
1.282 227987
1.283 226465
1.284 226606
1.285 226097
1.286 226849
1.287 226087
1.288 225313
1.289 225397
1.29 224312
1.291 223991
1.292 222269
1.293 223078
1.294 221944
1.295 222931
1.296 221401
1.297 221559
1.298 220574
1.299 219529
1.3 219232
1.301 219473
1.302 218655
1.303 218098
1.304 218031
1.305 216723
1.306 216784
1.307 216521
1.308 215254
1.309 215000
1.31 214871
1.311 214823
1.312 213956
1.313 213597
1.314 212709
1.315 212846
1.316 212021
1.317 212235
1.318 211171
1.319 210645
1.32 210997
1.321 210325
1.322 210221
1.323 209985
1.324 208141
1.325 209247
1.326 207652
1.327 207574
1.328 207354
1.329 207855
1.33 206616
1.331 205700
1.332 205074
1.333 204202
1.334 204361
1.335 203433
1.336 203872
1.337 202997
1.338 202773
1.339 203187
1.34 201805
1.341 201239
1.342 200643
1.343 200634
1.344 200239
1.345 198727
1.346 199669
1.347 199810
1.348 198382
1.349 198010
1.35 198125
1.351 197463
1.352 196706
1.353 195765
1.354 195702
1.355 195731
1.356 195439
1.357 194173
1.358 194357
1.359 193612
1.36 193305
1.361 194115
1.362 192475
1.363 192346
1.364 192742
1.365 192107
1.366 190905
1.367 191267
1.368 190093
1.369 189810
1.37 189829
1.371 189891
1.372 188532
1.373 188203
1.374 187573
1.375 187829
1.376 187252
1.377 187386
1.378 186855
1.379 185979
1.38 185377
1.381 185051
1.382 184753
1.383 183664
1.384 183502
1.385 184082
1.386 183022
1.387 182854
1.388 182118
1.389 182311
1.39 181863
1.391 180684
1.392 181035
1.393 180144
1.394 179963
1.395 180102
1.396 179294
1.397 179353
1.398 178859
1.399 177908
1.4 177038
1.401 177698
1.402 177230
1.403 176997
1.404 176139
1.405 175889
1.406 175645
1.407 175393
1.408 174486
1.409 175021
1.41 174066
1.411 173587
1.412 172938
1.413 173490
1.414 173309
1.415 171063
1.416 171794
1.417 171747
1.418 170999
1.419 170880
1.42 169782
1.421 170411
1.422 169941
1.423 170008
1.424 168137
1.425 169032
1.426 168211
1.427 167845
1.428 167107
1.429 167591
1.43 166718
1.431 167038
1.432 166192
1.433 165803
1.434 165528
1.435 164882
1.436 165487
1.437 163984
1.438 164182
1.439 163624
1.44 162973
1.441 162857
1.442 163275
1.443 162616
1.444 162648
1.445 161912
1.446 161533
1.447 160786
1.448 160995
1.449 160555
1.45 159744
1.451 159710
1.452 158459
1.453 159678
1.454 158493
1.455 158547
1.456 158556
1.457 157399
1.458 157633
1.459 157603
1.46 156779
1.461 156286
1.462 156146
1.463 155304
1.464 155298
1.465 154799
1.466 154668
1.467 154611
1.468 153371
1.469 153064
1.47 153355
1.471 152937
1.472 153129
1.473 152430
1.474 152491
1.475 152258
1.476 149950
1.477 151405
1.478 150654
1.479 149307
1.48 150286
1.481 149567
1.482 149497
1.483 149874
1.484 149432
1.485 148618
1.486 148580
1.487 147658
1.488 147258
1.489 147558
1.49 146096
1.491 146783
1.492 144979
1.493 145927
1.494 145801
1.495 144889
1.496 144321
1.497 144698
1.498 143962
1.499 144672
1.5 143484
1.501 143758
1.502 142898
1.503 141999
1.504 142299
1.505 142153
1.506 141609
1.507 141344
1.508 141653
1.509 140720
1.51 141078
1.511 140120
1.512 139953
1.513 139209
1.514 139125
1.515 139477
1.516 138622
1.517 138358
1.518 137997
1.519 137896
1.52 137254
1.521 137658
1.522 137222
1.523 136800
1.524 137144
1.525 136355
1.526 135793
1.527 135902
1.528 135277
1.529 135518
1.53 134894
1.531 134972
1.532 133716
1.533 133805
1.534 134063
1.535 133101
1.536 133071
1.537 132902
1.538 132956
1.539 132243
1.54 131293
1.541 131939
1.542 130739
1.543 130236
1.544 131367
1.545 130764
1.546 129931
1.547 129541
1.548 129701
1.549 128903
1.55 129387
1.551 129016
1.552 128295
1.553 128134
1.554 127756
1.555 127974
1.556 126686
1.557 127784
1.558 127219
1.559 127124
1.56 126396
1.561 125959
1.562 126114
1.563 124919
1.564 125406
1.565 124764
1.566 124806
1.567 123744
1.568 124322
1.569 124174
1.57 124049
1.571 123446
1.572 123079
1.573 122615
1.574 122800
1.575 122519
1.576 121732
1.577 121791
1.578 121392
1.579 122099
1.58 121774
1.581 120385
1.582 121136
1.583 120027
1.584 120656
1.585 119776
1.586 119239
1.587 118757
1.588 119140
1.589 119045
1.59 117883
1.591 118017
1.592 117892
1.593 117151
1.594 116958
1.595 117882
1.596 116810
1.597 116660
1.598 116657
1.599 116562
1.6 115507
1.601 115299
1.602 115120
1.603 115344
1.604 114626
1.605 114995
1.606 114529
1.607 114644
1.608 114748
1.609 114242
1.61 113326
1.611 113021
1.612 112516
1.613 112950
1.614 112523
1.615 112618
1.616 112149
1.617 111690
1.618 111417
1.619 111494
1.62 110919
1.621 111052
1.622 110544
1.623 110540
1.624 110199
1.625 110266
1.626 109919
1.627 109425
1.628 109468
1.629 108934
1.63 108702
1.631 108531
1.632 108225
1.633 107488
1.634 108467
1.635 107688
1.636 107055
1.637 107710
1.638 106992
1.639 106887
1.64 106729
1.641 105543
1.642 105379
1.643 105800
1.644 105207
1.645 104574
1.646 105235
1.647 105095
1.648 105166
1.649 103950
1.65 104347
1.651 104201
1.652 103853
1.653 103340
1.654 102990
1.655 103087
1.656 102992
1.657 103164
1.658 102294
1.659 101723
1.66 102977
1.661 101811
1.662 101317
1.663 101265
1.664 100796
1.665 100934
1.666 101000
1.667 100651
1.668 100210
1.669 99969
1.67 99898
1.671 99834
1.672 99299
1.673 99646
1.674 98554
1.675 98809
1.676 98602
1.677 98332
1.678 98148
1.679 98184
1.68 97580
1.681 97785
1.682 96802
1.683 96977
1.684 97533
1.685 96772
1.686 97018
1.687 96567
1.688 95745
1.689 95433
1.69 95916
1.691 95169
1.692 94876
1.693 94740
1.694 94325
1.695 94620
1.696 93533
1.697 94617
1.698 94011
1.699 93634
1.7 93680
1.701 92667
1.702 93223
1.703 93216
1.704 93170
1.705 92375
1.706 92073
1.707 92145
1.708 91711
1.709 91972
1.71 91451
1.711 91566
1.712 90934
1.713 91102
1.714 91218
1.715 90760
1.716 89714
1.717 90522
1.718 90349
1.719 90114
1.72 89669
1.721 89250
1.722 88922
1.723 89083
1.724 88716
1.725 88748
1.726 88567
1.727 88149
1.728 88547
1.729 87694
1.73 87317
1.731 87860
1.732 87459
1.733 87611
1.734 87155
1.735 86565
1.736 86281
1.737 86788
1.738 86035
1.739 86374
1.74 85694
1.741 85896
1.742 85265
1.743 84744
1.744 85062
1.745 85082
1.746 84856
1.747 84590
1.748 84443
1.749 84178
1.75 83576
1.751 83525
1.752 83516
1.753 83140
1.754 83425
1.755 82939
1.756 82661
1.757 82714
1.758 82468
1.759 83075
1.76 82872
1.761 82516
1.762 81477
1.763 81161
1.764 81345
1.765 81622
1.766 81211
1.767 81111
1.768 80975
1.769 80702
1.77 80561
1.771 80442
1.772 80074
1.773 80245
1.774 79053
1.775 79878
1.776 78613
1.777 78968
1.778 79351
1.779 79417
1.78 78792
1.781 78558
1.782 78561
1.783 78051
1.784 77746
1.785 77454
1.786 77747
1.787 77966
1.788 77249
1.789 76753
1.79 77263
1.791 76744
1.792 76660
1.793 76561
1.794 75886
1.795 76367
1.796 76048
1.797 75925
1.798 75750
1.799 75737
1.8 74991
1.801 75426
1.802 75296
1.803 74410
1.804 74556
1.805 74279
1.806 74233
1.807 74301
1.808 74750
1.809 74515
1.81 73283
1.811 73367
1.812 73045
1.813 73103
1.814 72920
1.815 73045
1.816 72746
1.817 72496
1.818 72361
1.819 72845
1.82 72715
1.821 72030
1.822 71496
1.823 71994
1.824 71935
1.825 71513
1.826 71183
1.827 71009
1.828 70421
1.829 70896
1.83 70335
1.831 70099
1.832 70213
1.833 69645
1.834 69929
1.835 69547
1.836 69795
1.837 69087
1.838 69503
1.839 69219
1.84 68554
1.841 69435
1.842 68743
1.843 68888
1.844 68350
1.845 68752
1.846 67903
1.847 67943
1.848 68214
1.849 67659
1.85 67296
1.851 67099
1.852 66741
1.853 67392
1.854 67247
1.855 67089
1.856 66232
1.857 66361
1.858 66147
1.859 65856
1.86 65844
1.861 66247
1.862 65380
1.863 65496
1.864 65674
1.865 65217
1.866 65253
1.867 65506
1.868 65369
1.869 64919
1.87 64971
1.871 64325
1.872 64126
1.873 64452
1.874 63919
1.875 63907
1.876 64787
1.877 63827
1.878 63576
1.879 63567
1.88 63286
1.881 63070
1.882 63080
1.883 62625
1.884 62658
1.885 62555
1.886 62559
1.887 62661
1.888 62097
1.889 62066
1.89 62107
1.891 61905
1.892 61869
1.893 61766
1.894 61107
1.895 61358
1.896 61007
1.897 60927
1.898 61310
1.899 61189
1.9 60657
1.901 60386
1.902 59574
1.903 59980
1.904 59922
1.905 59919
1.906 59596
1.907 59879
1.908 58987
1.909 59093
1.91 59372
1.911 58540
1.912 59142
1.913 58855
1.914 58990
1.915 58976
1.916 58282
1.917 58426
1.918 58249
1.919 58414
1.92 58312
1.921 57801
1.922 57716
1.923 57873
1.924 57240
1.925 57086
1.926 57375
1.927 57234
1.928 57113
1.929 56917
1.93 56910
1.931 56552
1.932 56134
1.933 56256
1.934 56303
1.935 56124
1.936 56323
1.937 55838
1.938 55697
1.939 55180
1.94 55338
1.941 55386
1.942 55048
1.943 54954
1.944 55321
1.945 55017
1.946 54800
1.947 54228
1.948 54322
1.949 54284
1.95 54432
1.951 54179
1.952 54242
1.953 54038
1.954 53596
1.955 54110
1.956 53706
1.957 53297
1.958 52750
1.959 53260
1.96 53659
1.961 52759
1.962 52708
1.963 52519
1.964 53040
1.965 52548
1.966 52699
1.967 52669
1.968 52162
1.969 52163
1.97 52076
1.971 52221
1.972 51856
1.973 51769
1.974 51600
1.975 51326
1.976 51234
1.977 51409
1.978 50964
1.979 51165
1.98 50613
1.981 50567
1.982 50791
1.983 50530
1.984 50459
1.985 50106
1.986 50735
1.987 50469
1.988 49878
1.989 49843
1.99 49711
1.991 49743
1.992 50059
1.993 49639
1.994 49483
1.995 49646
1.996 49197
1.997 49123
1.998 48707
1.999 48672
2 48756
2.001 48319
2.002 48158
2.003 48464
2.004 48069
2.005 48149
2.006 47974
2.007 47661
2.008 48008
2.009 48015
2.01 47637
2.011 47105
2.012 47212
2.013 47197
2.014 47700
2.015 47654
2.016 47092
2.017 47326
2.018 46990
2.019 47098
2.02 46875
2.021 46515
2.022 46355
2.023 46180
2.024 46024
2.025 45860
2.026 45949
2.027 46093
2.028 45445
2.029 45319
2.03 45381
2.031 45204
2.032 45315
2.033 45975
2.034 45683
2.035 45064
2.036 44855
2.037 44364
2.038 44931
2.039 44761
2.04 44812
2.041 44113
2.042 44381
2.043 44652
2.044 44758
2.045 44100
2.046 44246
2.047 43691
2.048 43808
2.049 43617
2.05 43605
2.051 43453
2.052 43541
2.053 43363
2.054 43209
2.055 43458
2.056 43410
2.057 42829
2.058 42595
2.059 43171
2.06 42869
2.061 42877
2.062 42879
2.063 42390
2.064 42473
2.065 42197
2.066 42255
2.067 42189
2.068 42163
2.069 41574
2.07 41801
2.071 41913
2.072 41762
2.073 41494
2.074 41336
2.075 41012
2.076 41253
2.077 41037
2.078 41164
2.079 41442
2.08 41044
2.081 40701
2.082 40766
2.083 40573
2.084 40447
2.085 40908
2.086 40664
2.087 40354
2.088 40484
2.089 40231
2.09 39986
2.091 40210
2.092 39859
2.093 39761
2.094 39628
2.095 39585
2.096 39559
2.097 39409
2.098 39313
2.099 39023
2.1 38955
2.101 38909
2.102 39013
2.103 38841
2.104 38839
2.105 39052
2.106 38447
2.107 38232
2.108 38172
2.109 38050
2.11 37791
2.111 37805
2.112 38217
2.113 38015
2.114 38601
2.115 37918
2.116 37779
2.117 37502
2.118 38053
2.119 37716
2.12 37646
2.121 37649
2.122 37283
2.123 37212
2.124 36756
2.125 37230
2.126 37040
2.127 36492
2.128 36816
2.129 36767
2.13 36560
2.131 36676
2.132 36521
2.133 36528
2.134 36584
2.135 36320
2.136 36104
2.137 35718
2.138 36151
2.139 36310
2.14 35812
2.141 35789
2.142 35660
2.143 35549
2.144 35593
2.145 35452
2.146 35250
2.147 35529
2.148 35379
2.149 35306
2.15 34786
2.151 35084
2.152 34860
2.153 35016
2.154 34556
2.155 34762
2.156 34782
2.157 34567
2.158 33740
2.159 34086
2.16 34123
2.161 34460
2.162 34468
2.163 34179
2.164 34115
2.165 33978
2.166 34164
2.167 34088
2.168 33570
2.169 33507
2.17 33879
2.171 33503
2.172 33403
2.173 33251
2.174 33292
2.175 33271
2.176 32961
2.177 32756
2.178 32868
2.179 32710
2.18 32802
2.181 32608
2.182 32921
2.183 32521
2.184 32396
2.185 32229
2.186 32312
2.187 32136
2.188 32165
2.189 31817
2.19 31906
2.191 31984
2.192 31894
2.193 31975
2.194 31851
2.195 31950
2.196 31536
2.197 31728
2.198 31537
2.199 31802
2.2 31317
2.201 31164
2.202 31068
2.203 31312
2.204 31248
2.205 30937
2.206 31059
2.207 31012
2.208 31014
2.209 30654
2.21 30723
2.211 30704
2.212 30402
2.213 30612
2.214 30435
2.215 30418
2.216 30427
2.217 30229
2.218 30221
2.219 30121
2.22 30000
2.221 29908
2.222 30010
2.223 30105
2.224 30094
2.225 29707
2.226 29580
2.227 29746
2.228 29403
2.229 29304
2.23 29810
2.231 29149
2.232 29053
2.233 29233
2.234 29436
2.235 28603
2.236 28810
2.237 28680
2.238 28565
2.239 28630
2.24 28779
2.241 28495
2.242 28364
2.243 29790
2.244 28211
2.245 28264
2.246 27987
2.247 28088
2.248 27938
2.249 27882
2.25 28250
2.251 28240
2.252 27951
2.253 28020
2.254 28112
2.255 27833
2.256 27902
2.257 27950
2.258 28099
2.259 27602
2.26 27863
2.261 27396
2.262 27453
2.263 27032
2.264 26982
2.265 27045
2.266 26957
2.267 27283
2.268 26900
2.269 26763
2.27 26974
2.271 27476
2.272 26391
2.273 26858
2.274 26668
2.275 26443
2.276 26506
2.277 26359
2.278 26058
2.279 26361
2.28 26696
2.281 26475
2.282 26208
2.283 26214
2.284 26372
2.285 26079
2.286 26026
2.287 25972
2.288 25817
2.289 25702
2.29 26061
2.291 25605
2.292 25341
2.293 25419
2.294 25352
2.295 25734
2.296 25442
2.297 25267
2.298 25464
2.299 25688
2.3 25288
2.301 24997
2.302 24650
2.303 24843
2.304 24692
2.305 24967
2.306 24517
2.307 24918
2.308 24602
2.309 24834
2.31 25026
2.311 24967
2.312 24548
2.313 24691
2.314 24523
2.315 24556
2.316 24294
2.317 24376
2.318 24383
2.319 23784
2.32 24009
2.321 23964
2.322 23914
2.323 23828
2.324 24170
2.325 23447
2.326 23538
2.327 23762
2.328 24262
2.329 23528
2.33 23531
2.331 23497
2.332 23430
2.333 23398
2.334 23191
2.335 23204
2.336 22906
2.337 23371
2.338 23031
2.339 23323
2.34 23558
2.341 23146
2.342 22853
2.343 23270
2.344 22747
2.345 22693
2.346 22889
2.347 22766
2.348 22321
2.349 22760
2.35 22681
2.351 22538
2.352 22238
2.353 22258
2.354 22095
2.355 22361
2.356 22736
2.357 22081
2.358 21888
2.359 22012
2.36 22192
2.361 22078
2.362 21821
2.363 22160
2.364 22017
2.365 21658
2.366 21861
2.367 21680
2.368 21734
2.369 21724
2.37 21644
2.371 21523
2.372 21531
2.373 21073
2.374 21224
2.375 21177
2.376 21133
2.377 21261
2.378 20804
2.379 20868
2.38 20938
2.381 21038
2.382 21224
2.383 21110
2.384 21131
2.385 21167
2.386 20702
2.387 20860
2.388 20723
2.389 20771
2.39 20476
2.391 20580
2.392 20435
2.393 20465
2.394 20646
2.395 20535
2.396 20008
2.397 20287
2.398 20115
2.399 20216
2.4 20506
2.401 20177
2.402 20404
2.403 19719
2.404 19829
2.405 20006
2.406 19575
2.407 19894
2.408 19324
2.409 19695
2.41 19453
2.411 19795
2.412 19714
2.413 19721
2.414 19621
2.415 19613
2.416 19751
2.417 19648
2.418 19529
2.419 19578
2.42 19356
2.421 18040
2.422 19457
2.423 19526
2.424 19291
2.425 19244
2.426 19452
2.427 19025
2.428 19475
2.429 19386
2.43 18970
2.431 18856
2.432 18653
2.433 18711
2.434 18663
2.435 18526
2.436 18590
2.437 18304
2.438 18407
2.439 18232
2.44 18270
2.441 18606
2.442 18579
2.443 18207
2.444 18357
2.445 18244
2.446 18153
2.447 18494
2.448 18212
2.449 18081
2.45 17937
2.451 18234
2.452 16888
2.453 17974
2.454 18029
2.455 17981
2.456 17867
2.457 18114
2.458 18168
2.459 17834
2.46 17870
2.461 17888
2.462 17571
2.463 17642
2.464 17519
2.465 17243
2.466 17320
2.467 17188
2.468 17492
2.469 17150
2.47 17171
2.471 17227
2.472 17294
2.473 17402
2.474 17382
2.475 17152
2.476 17141
2.477 16998
2.478 17173
2.479 16805
2.48 17073
2.481 17106
2.482 15964
2.483 16723
2.484 16606
2.485 16819
2.486 16685
2.487 16826
2.488 16791
2.489 16600
2.49 16852
2.491 16660
2.492 16503
2.493 16625
2.494 16253
2.495 16527
2.496 16104
2.497 16325
2.498 16464
2.499 16079
2.5 16104
2.501 16009
2.502 16119
2.503 16017
2.504 15962
2.505 16140
2.506 16030
2.507 15861
2.508 15971
2.509 16141
2.51 16075
2.511 15870
2.512 15861
2.513 15119
2.514 15626
2.515 15520
2.516 15522
2.517 15624
2.518 15636
2.519 15594
2.52 15470
2.521 15546
2.522 15403
2.523 15262
2.524 15243
2.525 15179
2.526 15178
2.527 15187
2.528 15030
2.529 14863
2.53 15202
2.531 14905
2.532 15011
2.533 15389
2.534 15027
2.535 15095
2.536 14956
2.537 15016
2.538 15060
2.539 15034
2.54 14894
2.541 14872
2.542 14692
2.543 14722
2.544 13792
2.545 14536
2.546 14764
2.547 14746
2.548 14566
2.549 14513
2.55 14602
2.551 14576
2.552 14511
2.553 14546
2.554 14327
2.555 14042
2.556 14331
2.557 14059
2.558 14074
2.559 14227
2.56 14172
2.561 14078
2.562 14064
2.563 14204
2.564 14120
2.565 14046
2.566 13828
2.567 13997
2.568 14193
2.569 13819
2.57 13735
2.571 13716
2.572 13978
2.573 13568
2.574 13249
2.575 13672
2.576 13688
2.577 13631
2.578 13589
2.579 13717
2.58 13549
2.581 13487
2.582 13743
2.583 13401
2.584 13239
2.585 13347
2.586 13427
2.587 13226
2.588 13057
2.589 13137
2.59 12888
2.591 13204
2.592 13252
2.593 13080
2.594 13158
2.595 13390
2.596 13201
2.597 13132
2.598 13157
2.599 12959
2.6 13262
2.601 12896
2.602 12925
2.603 12906
2.604 12841
2.605 12337
2.606 12858
2.607 12804
2.608 12564
2.609 12315
2.61 12216
2.611 12521
2.612 12651
2.613 12197
2.614 12795
2.615 13097
2.616 12751
2.617 12781
2.618 12498
2.619 12418
2.62 12634
2.621 12577
2.622 12277
2.623 12257
2.624 11988
2.625 12011
2.626 12081
2.627 12210
2.628 12071
2.629 11816
2.63 11901
2.631 12004
2.632 11994
2.633 12882
2.634 12943
2.635 11983
2.636 11836
2.637 12103
2.638 11675
2.639 11768
2.64 11426
2.641 11595
2.642 11582
2.643 11772
2.644 11641
2.645 11758
2.646 11742
2.647 11620
2.648 11738
2.649 12079
2.65 11767
2.651 11625
2.652 11845
2.653 11849
2.654 11561
2.655 11439
2.656 11321
2.657 11307
2.658 11187
2.659 11233
2.66 11203
2.661 11157
2.662 11260
2.663 10907
2.664 11257
2.665 10935
2.666 11150
2.667 12221
2.668 11269
2.669 11152
2.67 11126
2.671 11002
2.672 10891
2.673 10856
2.674 10792
2.675 10921
2.676 10839
2.677 10845
2.678 10853
2.679 10985
2.68 11030
2.681 10913
2.682 10745
2.683 10808
2.684 10845
2.685 10920
2.686 10831
2.687 10615
2.688 10930
2.689 10355
2.69 10590
2.691 10508
2.692 10450
2.693 10384
2.694 10188
2.695 10421
2.696 10224
2.697 10524
2.698 10263
2.699 10362
2.7 11324
2.701 10407
2.702 10345
2.703 10234
2.704 10181
2.705 9834
2.706 10018
2.707 10012
2.708 10009
2.709 10024
2.71 10076
2.711 10109
2.712 10267
2.713 10173
2.714 10201
2.715 10394
2.716 10115
2.717 10162
2.718 10073
2.719 10035
2.72 9922
2.721 9889
2.722 9690
2.723 9844
2.724 9715
2.725 9721
2.726 9634
2.727 9617
2.728 9833
2.729 9420
2.73 9785
2.731 9734
2.732 9514
2.733 9752
2.734 10544
2.735 9541
2.736 9715
2.737 9521
2.738 9440
2.739 9258
2.74 9321
2.741 9137
2.742 9296
2.743 9233
2.744 9585
2.745 9447
2.746 9251
2.747 9381
2.748 9491
2.749 9306
2.75 9361
2.751 9317
2.752 9192
2.753 9357
2.754 9203
2.755 9104
2.756 9257
2.757 9150
2.758 9236
2.759 9104
2.76 9071
2.761 9021
2.762 8847
2.763 8964
2.764 8989
2.765 8895
2.766 8834
2.767 9822
2.768 8992
2.769 8843
2.77 8668
2.771 8815
2.772 8759
2.773 8746
2.774 8637
2.775 8597
2.776 8592
2.777 8705
2.778 8856
2.779 8708
2.78 8685
2.781 8818
2.782 8840
2.783 8836
2.784 8696
2.785 8712
2.786 8677
2.787 8579
2.788 8560
2.789 8276
2.79 8526
2.791 8454
2.792 8335
2.793 8435
2.794 9263
2.795 8419
2.796 8226
2.797 8149
2.798 8156
2.799 8092
2.8 7152
2.801 8473
2.802 8593
2.803 8526
2.804 8596
2.805 8438
2.806 8471
2.807 8596
2.808 8330
2.809 8111
2.81 8016
2.811 7978
2.812 7710
2.813 7638
2.814 7791
2.815 7607
2.816 7392
2.817 7682
2.818 7800
2.819 8001
2.82 7959
2.821 8068
2.822 7906
2.823 8232
2.824 8284
2.825 8005
2.826 8145
2.827 8073
2.828 8085
2.829 7824
2.83 7935
2.831 7626
2.832 7548
2.833 7585
2.834 7518
2.835 7517
2.836 6704
2.837 7761
2.838 7717
2.839 7796
2.84 7909
2.841 7612
2.842 7644
2.843 7864
2.844 7522
2.845 7567
2.846 7441
2.847 7492
2.848 7281
2.849 7197
2.85 7305
2.851 7259
2.852 7199
2.853 7253
2.854 6960
2.855 7149
2.856 7271
2.857 7249
2.858 7093
2.859 7561
2.86 7368
2.861 7492
2.862 7549
2.863 7420
2.864 7277
2.865 7254
2.866 7211
2.867 7125
2.868 7066
2.869 7056
2.87 7225
2.871 7045
2.872 6530
2.873 7313
2.874 7180
2.875 7354
2.876 7309
2.877 7356
2.878 7093
2.879 7070
2.88 6748
2.881 6827
2.882 6805
2.883 6817
2.884 6514
2.885 6634
2.886 6755
2.887 6874
2.888 6774
2.889 6904
2.89 6742
2.891 6765
2.892 7026
2.893 6816
2.894 6985
2.895 6963
2.896 6885
2.897 6766
2.898 6892
2.899 6633
2.9 6570
2.901 6501
2.902 6404
2.903 6377
2.904 6367
2.905 6481
2.906 6200
2.907 6358
2.908 5992
2.909 6632
2.91 6715
2.911 6826
2.912 6901
2.913 6848
2.914 6626
2.915 6588
2.916 6601
2.917 6593
2.918 6236
2.919 6136
2.92 5959
2.921 6094
2.922 5986
2.923 5967
2.924 5963
2.925 5995
2.926 6187
2.927 6144
2.928 6283
2.929 6521
2.93 6512
2.931 6684
2.932 6574
2.933 6428
2.934 6393
2.935 6329
2.936 6306
2.937 6025
2.938 6133
2.939 5971
2.94 6098
2.941 5780
2.942 5718
2.943 5676
2.944 5676
2.945 5992
2.946 6129
2.947 6137
2.948 6084
2.949 6125
2.95 6099
2.951 6051
2.952 5899
2.953 6022
2.954 5897
2.955 5788
2.956 5673
2.957 5726
2.958 5777
2.959 5923
2.96 5751
2.961 5834
2.962 5587
2.963 5845
2.964 5762
2.965 5987
2.966 6089
2.967 5737
2.968 5797
2.969 5798
2.97 5786
2.971 5533
2.972 5376
2.973 5387
2.974 5328
2.975 5312
2.976 5358
2.977 5374
2.978 5395
2.979 5360
2.98 5518
2.981 5669
2.982 5696
2.983 5795
2.984 6005
2.985 5811
2.986 5952
2.987 5655
2.988 5531
2.989 5364
2.99 5270
2.991 5189
2.992 5135
2.993 5061
2.994 5014
2.995 5080
2.996 5106
2.997 5248
2.998 4890
2.999 5280
3 5352
3.001 5329
3.002 5339
3.003 5380
3.004 5555
3.005 5565
3.006 5539
3.007 5484
3.008 5343
3.009 5290
3.01 5358
3.011 5120
3.012 5047
3.013 4966
3.014 4886
3.015 4912
3.016 5081
3.017 5156
3.018 5066
3.019 4899
3.02 4945
3.021 4862
3.022 4936
3.023 4986
3.024 4931
3.025 4751
3.026 4834
3.027 4858
3.028 5020
3.029 5120
3.03 5074
3.031 5197
3.032 5048
3.033 5091
3.034 5244
3.035 5193
3.036 5005
3.037 4116
3.038 4408
3.039 4603
3.04 4771
3.041 4916
3.042 6458
3.043 5773
3.044 4881
3.045 4873
3.046 4490
3.047 4537
3.048 4400
3.049 4344
3.05 4474
3.051 4458
3.052 4550
3.053 4657
3.054 4753
3.055 4863
3.056 4635
3.057 4622
3.058 4688
3.059 4811
3.06 4817
3.061 4932
3.062 4930
3.063 4852
3.064 4847
3.065 4808
3.066 4601
3.067 4441
3.068 4380
3.069 4375
3.07 4411
3.071 4517
3.072 4417
3.073 4562
3.074 4268
3.075 4344
3.076 4555
3.077 4589
3.078 4620
3.079 4716
3.08 4663
3.081 4982
3.082 6051
3.083 4427
3.084 4314
3.085 4066
3.086 4008
3.087 3973
3.088 3849
3.089 3810
3.09 3822
3.091 3727
3.092 3766
3.093 3877
3.094 3753
3.095 4250
3.096 4658
3.097 4772
3.098 5118
3.099 5374
3.1 5399
3.101 5231
3.102 4951
3.103 4577
3.104 3924
3.105 4200
3.106 4160
3.107 4088
3.108 4500
3.109 4210
3.11 3933
3.111 3797
3.112 3965
3.113 3929
3.114 3818
3.115 3736
3.116 3829
3.117 3862
3.118 3988
3.119 4191
3.12 4149
3.121 5810
3.122 4129
3.123 3985
3.124 3831
3.125 3561
3.126 3785
3.127 3779
3.128 3719
3.129 3722
3.13 3841
3.131 3822
3.132 4000
3.133 3933
3.134 4056
3.135 4048
3.136 4036
3.137 4135
3.138 4234
3.139 4222
3.14 4210
3.141 4196
3.142 4019
3.143 3909
3.144 3882
3.145 3573
3.146 3476
3.147 3363
3.148 3375
3.149 3443
3.15 3400
3.151 3480
3.152 3591
3.153 3724
3.154 3866
3.155 4353
3.156 4017
3.157 3891
3.158 4027
3.159 4185
3.16 5212
3.161 3899
3.162 3584
3.163 3394
3.164 3280
3.165 3258
3.166 3151
3.167 3186
3.168 3111
3.169 3211
3.17 3248
3.171 3305
3.172 3361
3.173 3567
3.174 3760
3.175 3857
3.176 4206
3.177 4326
3.178 4423
3.179 4384
3.18 4023
3.181 3831
3.182 3665
3.183 3419
3.184 3250
3.185 3212
3.186 3028
3.187 3109
3.188 2976
3.189 2984
3.19 2953
3.191 3058
3.192 3082
3.193 3158
3.194 3285
3.195 3465
3.196 3724
3.197 3835
3.198 4091
3.199 5218
3.2 4102
3.201 3911
3.202 3345
3.203 2985
3.204 2762
3.205 2772
3.206 2758
3.207 2843
3.208 2724
3.209 2856
3.21 2798
3.211 2981
3.212 3019
3.213 3213
3.214 3401
3.215 3592
3.216 3822
3.217 3837
3.218 3851
3.219 3620
3.22 3601
3.221 3698
3.222 3572
3.223 3046
3.224 2917
3.225 2900
3.226 2839
3.227 2852
3.228 2815
3.229 2864
3.23 2888
3.231 2891
3.232 3029
3.233 3126
3.234 3332
3.235 3527
3.236 3499
3.237 3649
3.238 4322
3.239 3341
3.24 3054
3.241 2845
3.242 2814
3.243 2779
3.244 2704
3.245 3069
3.246 3069
3.247 3114
3.248 3172
3.249 2847
3.25 2797
3.251 2626
3.252 2882
3.253 3394
3.254 3440
3.255 3563
3.256 3496
3.257 3581
3.258 3317
3.259 3154
3.26 2954
3.261 2783
3.262 2693
3.263 2674
3.264 2532
3.265 2573
3.266 2514
3.267 2595
3.268 2598
3.269 2680
3.27 2643
3.271 2824
3.272 2937
3.273 3132
3.274 3395
3.275 3525
3.276 3415
3.277 2568
3.278 1521
3.279 1813
3.28 2035
3.281 2144
3.282 2144
3.283 2274
3.284 2470
3.285 3042
3.286 3917
3.287 11070
3.288 3706
3.289 2854
3.29 2407
3.291 2247
3.292 2145
3.293 2002
3.294 2043
3.295 1997
3.296 1999
3.297 1893
3.298 1975
3.299 1828
3.3 1835
3.301 1644
3.302 1947
3.303 2034
3.304 2181
3.305 2354
3.306 2549
3.307 13865
3.308 3250
3.309 2369
3.31 2173
3.311 1972
3.312 1885
3.313 1855
3.314 1854
3.315 1734
3.316 1767
3.317 1775
3.318 1731
3.319 2348
3.32 2683
3.321 2549
3.322 2556
3.323 2695
3.324 2643
3.325 2645
3.326 2583
3.327 2476
3.328 2496
3.329 2397
3.33 3797
3.331 2547
3.332 2603
3.333 2607
3.334 2480
3.335 2554
3.336 2441
3.337 2620
3.338 2557
3.339 2556
3.34 2682
3.341 2691
3.342 2622
3.343 2657
3.344 2492
3.345 2432
3.346 2563
3.347 2463
3.348 2433
3.349 2410
3.35 2048
3.351 2384
3.352 2395
3.353 2457
3.354 2421
3.355 2511
3.356 2438
3.357 2462
3.358 2462
3.359 2456
3.36 2466
3.361 2558
3.362 2405
3.363 2385
3.364 2450
3.365 2410
3.366 2350
3.367 2810
3.368 2284
3.369 2367
3.37 2271
3.371 2288
3.372 2336
3.373 2357
3.374 2424
3.375 2340
3.376 2343
3.377 2299
3.378 2219
3.379 2296
3.38 2428
3.381 2238
3.382 2277
3.383 2356
3.384 2183
3.385 2220
3.386 2211
3.387 2176
3.388 2200
3.389 2300
3.39 2254
3.391 2156
3.392 2317
3.393 2231
3.394 2234
3.395 2202
3.396 2374
3.397 2243
3.398 2253
3.399 2330
3.4 2206
3.401 2392
3.402 2348
3.403 2033
3.404 2104
3.405 1906
3.406 2165
3.407 2162
3.408 2090
3.409 2120
3.41 1991
3.411 2075
3.412 2204
3.413 2065
3.414 2140
3.415 2053
3.416 2142
3.417 2124
3.418 2132
3.419 2126
3.42 2162
3.421 2080
3.422 2079
3.423 2060
3.424 2056
3.425 2018
3.426 2133
3.427 2036
3.428 2033
3.429 2077
3.43 2124
3.431 1991
3.432 2030
3.433 2065
3.434 2052
3.435 1956
3.436 1944
3.437 2028
3.438 1987
3.439 2050
3.44 1879
3.441 1967
3.442 1953
3.443 1926
3.444 1367
3.445 1832
3.446 1944
3.447 1907
3.448 1922
3.449 1911
3.45 1932
3.451 1833
3.452 1824
3.453 1910
3.454 1945
3.455 1919
3.456 2022
3.457 1828
3.458 1859
3.459 1804
3.46 1899
3.461 1798
3.462 1811
3.463 1843
3.464 1877
3.465 1814
3.466 1909
3.467 1875
3.468 1893
3.469 1711
3.47 1825
3.471 1849
3.472 1873
3.473 1791
3.474 1769
3.475 1814
3.476 1937
3.477 1932
3.478 1909
3.479 2017
3.48 1975
3.481 1908
3.482 1987
3.483 1982
3.484 1139
3.485 2005
3.486 2038
3.487 1872
3.488 1697
3.489 1674
3.49 1731
3.491 1824
3.492 1744
3.493 1786
3.494 1700
3.495 1738
3.496 1721
3.497 2140
3.498 2690
3.499 2669
3.5 2724
3.501 2162
3.502 1612
3.503 1658
3.504 1681
3.505 1691
3.506 1635
3.507 1647
3.508 1774
3.509 1779
3.51 1729
3.511 1646
3.512 1575
3.513 1416
3.514 1632
3.515 1689
3.516 1620
3.517 1609
3.518 1903
3.519 1863
3.52 1675
3.521 1491
3.522 1517
3.523 1490
3.524 1309
3.525 1594
3.526 1487
3.527 1554
3.528 1595
3.529 1603
3.53 1609
3.531 1542
3.532 1529
3.533 1526
3.534 1588
3.535 1683
3.536 1889
3.537 1596
3.538 1658
3.539 2329
3.54 2364
3.541 2443
3.542 2343
3.543 1777
3.544 1457
3.545 1456
3.546 1515
3.547 1481
3.548 1427
3.549 1401
3.55 1512
3.551 1468
3.552 1478
3.553 1402
3.554 1536
3.555 1488
3.556 1481
3.557 1464
3.558 1375
3.559 1433
3.56 1445
3.561 1469
3.562 1372
3.563 1445
3.564 1447
3.565 1428
3.566 1406
3.567 1430
3.568 1340
3.569 1447
3.57 1401
3.571 1397
3.572 1375
3.573 1434
3.574 1414
3.575 1394
3.576 1391
3.577 1365
3.578 1411
3.579 1263
3.58 1358
3.581 1366
3.582 1396
3.583 1300
3.584 1300
3.585 631
3.586 700
3.587 1349
3.588 1250
3.589 1347
3.59 1339
3.591 1358
3.592 1290
3.593 1323
3.594 1307
3.595 1301
3.596 1359
3.597 1333
3.598 1274
3.599 1352
3.6 1273
3.601 1294
3.602 1301
3.603 1258
3.604 1278
3.605 1362
3.606 1322
3.607 1430
3.608 1381
3.609 1385
3.61 1319
3.611 1241
3.612 1289
3.613 1278
3.614 1289
3.615 1272
3.616 1291
3.617 1222
3.618 1237
3.619 1312
3.62 1221
3.621 1137
3.622 1284
3.623 1236
3.624 1233
3.625 1266
3.626 1278
3.627 1214
3.628 1244
3.629 1264
3.63 1179
3.631 1307
3.632 1323
3.633 661
3.634 1176
3.635 1270
3.636 1320
3.637 1296
3.638 1264
3.639 1281
3.64 1188
3.641 1166
3.642 1212
3.643 1112
3.644 1240
3.645 1207
3.646 1166
3.647 1119
3.648 1174
3.649 1163
3.65 1241
3.651 1364
3.652 1375
3.653 1416
3.654 1349
3.655 1431
3.656 1309
3.657 1353
3.658 1371
3.659 1315
3.66 1359
3.661 1308
3.662 1377
3.663 1349
3.664 1382
3.665 1310
3.666 1368
3.667 1324
3.668 1317
3.669 1363
3.67 1193
3.671 1071
3.672 1078
3.673 1093
3.674 1135
3.675 1168
3.676 1141
3.677 1133
3.678 1061
3.679 1221
3.68 1154
3.681 1130
3.682 1121
3.683 1141
3.684 1136
3.685 1126
3.686 1096
3.687 1073
3.688 1053
3.689 1002
3.69 1141
3.691 1084
3.692 1128
3.693 1087
3.694 1110
3.695 1112
3.696 1051
3.697 1032
3.698 1078
3.699 1083
3.7 1096
3.701 1070
3.702 1061
3.703 1049
3.704 1017
3.705 1039
3.706 1050
3.707 1027
3.708 955
3.709 1067
3.71 1091
3.711 1079
3.712 1079
3.713 1002
3.714 1027
3.715 985
3.716 1022
3.717 1056
3.718 1030
3.719 1040
3.72 990
3.721 1013
3.722 1030
3.723 1145
3.724 1319
3.725 1034
3.726 1049
3.727 867
3.728 382
3.729 880
3.73 952
3.731 941
3.732 942
3.733 1000
3.734 955
3.735 980
3.736 965
3.737 969
3.738 973
3.739 889
3.74 905
3.741 937
3.742 945
3.743 925
3.744 935
3.745 903
3.746 980
3.747 944
3.748 926
3.749 956
3.75 803
3.751 922
3.752 968
3.753 930
3.754 963
3.755 926
3.756 887
3.757 928
3.758 1008
3.759 901
3.76 900
3.761 899
3.762 961
3.763 938
3.764 964
3.765 948
3.766 993
3.767 988
3.768 950
3.769 923
3.77 862
3.771 886
3.772 895
3.773 908
3.774 915
3.775 846
3.776 829
3.777 860
3.778 1199
3.779 908
3.78 888
3.781 852
3.782 974
3.783 942
3.784 1004
3.785 953
3.786 990
3.787 868
3.788 926
3.789 921
3.79 934
3.791 913
3.792 914
3.793 928
3.794 924
3.795 897
3.796 913
3.797 931
3.798 911
3.799 947
3.8 915
3.801 945
3.802 959
3.803 867
3.804 886
3.805 889
3.806 870
3.807 940
3.808 818
3.809 935
3.81 836
3.811 869
3.812 813
3.813 839
3.814 852
3.815 826
3.816 848
3.817 804
3.818 905
3.819 800
3.82 866
3.821 887
3.822 936
3.823 982
3.824 1061
3.825 1453
3.826 1257
3.827 957
3.828 857
3.829 758
3.83 730
3.831 838
3.832 858
3.833 867
3.834 874
3.835 836
3.836 814
3.837 860
3.838 846
3.839 875
3.84 841
3.841 856
3.842 869
3.843 832
3.844 772
3.845 762
3.846 769
3.847 788
3.848 772
3.849 722
3.85 760
3.851 766
3.852 764
3.853 805
3.854 796
3.855 755
3.856 653
3.857 730
3.858 808
3.859 741
3.86 735
3.861 739
3.862 715
3.863 785
3.864 752
3.865 760
3.866 749
3.867 696
3.868 783
3.869 1133
3.87 1162
3.871 991
3.872 726
3.873 692
3.874 806
3.875 726
3.876 715
3.877 777
3.878 720
3.879 726
3.88 725
3.881 747
3.882 742
3.883 712
3.884 752
3.885 697
3.886 737
3.887 740
3.888 740
3.889 751
3.89 695
3.891 722
3.892 631
3.893 697
3.894 722
3.895 732
3.896 708
3.897 682
3.898 658
3.899 677
3.9 732
3.901 683
3.902 668
3.903 672
3.904 712
3.905 611
3.906 666
3.907 604
3.908 664
3.909 703
3.91 628
3.911 906
3.912 967
3.913 956
3.914 764
3.915 701
3.916 706
3.917 667
3.918 710
3.919 658
3.92 716
3.921 663
3.922 678
3.923 699
3.924 632
3.925 664
3.926 667
3.927 605
3.928 619
3.929 664
3.93 641
3.931 686
3.932 649
3.933 645
3.934 646
3.935 617
3.936 658
3.937 653
3.938 684
3.939 639
3.94 653
3.941 604
3.942 645
3.943 636
3.944 684
3.945 663
3.946 673
3.947 603
3.948 614
3.949 673
3.95 572
3.951 557
3.952 617
3.953 946
3.954 926
3.955 697
3.956 655
3.957 629
3.958 595
3.959 619
3.96 606
3.961 637
3.962 623
3.963 664
3.964 700
3.965 734
3.966 648
3.967 646
3.968 610
3.969 643
3.97 642
3.971 644
3.972 581
3.973 613
3.974 668
3.975 671
3.976 745
3.977 739
3.978 712
3.979 709
3.98 652
3.981 600
3.982 579
3.983 571
3.984 560
3.985 636
3.986 580
3.987 562
3.988 577
3.989 582
3.99 611
3.991 554
3.992 579
3.993 595
3.994 596
3.995 810
3.996 801
3.997 545
3.998 617
3.999 554
4 555
4.001 546
4.002 565
4.003 545
4.004 548
4.005 560
4.006 520
4.007 561
4.008 551
4.009 566
4.01 550
4.011 538
4.012 572
4.013 537
4.014 570
4.015 554
4.016 568
4.017 543
4.018 496
4.019 473
4.02 556
4.021 545
4.022 511
4.023 564
4.024 576
4.025 600
4.026 563
4.027 609
4.028 516
4.029 354
4.03 230
4.031 225
4.032 181
4.033 191
4.034 190
4.035 242
4.036 286
4.037 258
4.038 230
4.039 283
4.04 305
4.041 458
4.042 387
4.043 375
4.044 371
4.045 406
4.046 425
4.047 408
4.048 407
4.049 410
4.05 435
4.051 456
4.052 782
4.053 790
4.054 783
4.055 766
4.056 815
4.057 724
4.058 722
4.059 656
4.06 645
4.061 739
4.062 727
4.063 756
4.064 818
4.065 758
4.066 788
4.067 711
4.068 718
4.069 761
4.07 761
4.071 762
4.072 749
4.073 784
4.074 812
4.075 798
4.076 832
4.077 671
4.078 665
4.079 648
4.08 599
4.081 656
4.082 786
4.083 839
4.084 802
4.085 818
4.086 845
4.087 828
4.088 794
4.089 534
4.09 475
4.091 434
4.092 408
4.093 405
4.094 402
4.095 401
4.096 381
4.097 380
4.098 395
4.099 377
4.1 401
4.101 379
4.102 370
4.103 376
4.104 407
4.105 394
4.106 403
4.107 391
4.108 406
4.109 413
4.11 429
4.111 389
4.112 426
4.113 394
4.114 372
4.115 373
4.116 381
4.117 398
4.118 411
4.119 443
4.12 433
4.121 409
4.122 401
4.123 336
4.124 335
4.125 268
4.126 288
4.127 290
4.128 269
4.129 298
4.13 288
4.131 260
4.132 340
4.133 321
4.134 318
4.135 320
4.136 337
4.137 365
4.138 350
4.139 349
4.14 336
4.141 258
4.142 149
4.143 140
4.144 219
4.145 348
4.146 375
4.147 344
4.148 393
4.149 340
4.15 346
4.151 370
4.152 362
4.153 408
4.154 388
4.155 369
4.156 349
4.157 350
4.158 354
4.159 357
4.16 351
4.161 331
4.162 352
4.163 331
4.164 318
4.165 375
4.166 340
4.167 343
4.168 337
4.169 329
4.17 336
4.171 318
4.172 314
4.173 341
4.174 374
4.175 338
4.176 313
4.177 335
4.178 366
4.179 332
4.18 328
4.181 332
4.182 399
4.183 332
4.184 369
4.185 326
4.186 349
4.187 292
4.188 318
4.189 360
4.19 346
4.191 322
4.192 319
4.193 343
4.194 331
4.195 324
4.196 262
4.197 276
4.198 253
4.199 219
4.2 220
4.201 244
4.202 300
4.203 224
4.204 320
4.205 325
4.206 345
4.207 296
4.208 300
4.209 299
4.21 317
4.211 339
4.212 301
4.213 323
4.214 352
4.215 283
4.216 325
4.217 295
4.218 272
4.219 290
4.22 303
4.221 299
4.222 302
4.223 243
4.224 285
4.225 275
4.226 257
4.227 261
4.228 270
4.229 248
4.23 271
4.231 270
4.232 275
4.233 287
4.234 281
4.235 343
4.236 294
4.237 278
4.238 276
4.239 277
4.24 258
4.241 274
4.242 295
4.243 296
4.244 276
4.245 300
4.246 280
4.247 292
4.248 283
4.249 271
4.25 291
4.251 287
4.252 323
4.253 273
4.254 288
4.255 287
4.256 261
4.257 293
4.258 362
4.259 438
4.26 396
4.261 318
4.262 319
4.263 314
4.264 324
4.265 318
4.266 309
4.267 344
4.268 287
4.269 261
4.27 239
4.271 248
4.272 317
4.273 299
4.274 321
4.275 347
4.276 305
4.277 304
4.278 304
4.279 340
4.28 334
4.281 317
4.282 315
4.283 322
4.284 339
4.285 308
4.286 289
4.287 328
4.288 299
4.289 323
4.29 283
4.291 309
4.292 256
4.293 257
4.294 271
4.295 305
4.296 288
4.297 285
4.298 286
4.299 285
4.3 248
4.301 280
4.302 330
4.303 265
4.304 294
4.305 295
4.306 289
4.307 282
4.308 291
4.309 397
4.31 460
4.311 443
4.312 468
4.313 351
4.314 306
4.315 275
4.316 284
4.317 334
4.318 310
4.319 314
4.32 292
4.321 320
4.322 321
4.323 316
4.324 293
4.325 293
4.326 336
4.327 316
4.328 297
4.329 336
4.33 294
4.331 261
4.332 252
4.333 246
4.334 254
4.335 259
4.336 224
4.337 257
4.338 246
4.339 237
4.34 242
4.341 251
4.342 210
4.343 246
4.344 255
4.345 253
4.346 249
4.347 231
4.348 219
4.349 126
4.35 110
4.351 103
4.352 108
4.353 115
4.354 117
4.355 85
4.356 87
4.357 86
4.358 98
4.359 104
4.36 127
4.361 139
4.362 121
4.363 115
4.364 101
4.365 71
4.366 73
4.367 92
4.368 78
4.369 157
4.37 217
4.371 236
4.372 234
4.373 226
4.374 237
4.375 231
4.376 204
4.377 224
4.378 227
4.379 202
4.38 174
4.381 174
4.382 165
4.383 173
4.384 178
4.385 171
4.386 175
4.387 178
4.388 161
4.389 148
4.39 190
4.391 196
4.392 189
4.393 201
4.394 210
4.395 248
4.396 226
4.397 184
4.398 165
4.399 198
4.4 169
4.401 191
4.402 174
4.403 189
4.404 193
4.405 164
4.406 192
4.407 217
4.408 199
4.409 182
4.41 207
4.411 220
4.412 197
4.413 218
4.414 168
4.415 207
4.416 184
4.417 190
4.418 182
4.419 205
4.42 199
4.421 194
4.422 181
4.423 165
4.424 178
4.425 203
4.426 189
4.427 194
4.428 163
4.429 209
4.43 202
4.431 179
4.432 194
4.433 161
4.434 180
4.435 185
4.436 180
4.437 158
4.438 169
4.439 169
4.44 154
4.441 163
4.442 168
4.443 183
4.444 176
4.445 183
4.446 185
4.447 188
4.448 177
4.449 169
4.45 187
4.451 171
4.452 174
4.453 154
4.454 162
4.455 160
4.456 266
4.457 322
4.458 295
4.459 291
4.46 283
4.461 302
4.462 316
4.463 317
4.464 227
4.465 182
4.466 139
4.467 179
4.468 158
4.469 148
4.47 162
4.471 198
4.472 203
4.473 218
4.474 180
4.475 201
4.476 204
4.477 227
4.478 202
4.479 191
4.48 197
4.481 206
4.482 213
4.483 228
4.484 194
4.485 195
4.486 186
4.487 219
4.488 195
4.489 207
4.49 201
4.491 219
4.492 199
4.493 184
4.494 216
4.495 215
4.496 205
4.497 215
4.498 192
4.499 180
4.5 184
4.501 187
4.502 191
4.503 162
4.504 159
4.505 184
4.506 250
4.507 288
4.508 263
4.509 272
4.51 290
4.511 287
4.512 261
4.513 280
4.514 273
4.515 293
4.516 301
4.517 240
4.518 274
4.519 172
4.52 175
4.521 187
4.522 174
4.523 177
4.524 192
4.525 183
4.526 159
4.527 146
4.528 199
4.529 190
4.53 187
4.531 162
4.532 151
4.533 170
4.534 149
4.535 129
4.536 153
4.537 198
4.538 159
4.539 153
4.54 154
4.541 151
4.542 133
4.543 149
4.544 154
4.545 190
4.546 189
4.547 192
4.548 167
4.549 174
4.55 168
4.551 160
4.552 187
4.553 192
4.554 190
4.555 180
4.556 204
4.557 217
4.558 161
4.559 186
4.56 209
4.561 166
4.562 138
4.563 135
4.564 136
4.565 138
4.566 151
4.567 140
4.568 140
4.569 143
4.57 126
4.571 134
4.572 121
4.573 154
4.574 137
4.575 156
4.576 180
4.577 193
4.578 195
4.579 211
4.58 184
4.581 233
4.582 159
4.583 117
4.584 107
4.585 127
4.586 102
4.587 132
4.588 131
4.589 127
4.59 134
4.591 145
4.592 136
4.593 99
4.594 113
4.595 118
4.596 112
4.597 127
4.598 109
4.599 109
4.6 103
4.601 119
4.602 137
4.603 109
4.604 123
4.605 113
4.606 137
4.607 145
4.608 135
4.609 130
4.61 131
4.611 115
4.612 86
4.613 100
4.614 102
4.615 94
4.616 89
4.617 89
4.618 99
4.619 108
4.62 106
4.621 93
4.622 104
4.623 115
4.624 109
4.625 117
4.626 114
4.627 106
4.628 120
4.629 111
4.63 109
4.631 100
4.632 122
4.633 119
4.634 105
4.635 106
4.636 129
4.637 190
4.638 207
4.639 179
4.64 181
4.641 168
4.642 216
4.643 175
4.644 191
4.645 176
4.646 199
4.647 199
4.648 192
4.649 199
4.65 185
4.651 170
4.652 127
4.653 114
4.654 121
4.655 129
4.656 108
4.657 102
4.658 107
4.659 119
4.66 113
4.661 130
4.662 111
4.663 107
4.664 128
4.665 93
4.666 104
4.667 126
4.668 131
4.669 93
4.67 107
4.671 126
4.672 126
4.673 99
4.674 105
4.675 122
4.676 128
4.677 116
4.678 110
4.679 130
4.68 108
4.681 102
4.682 132
4.683 200
4.684 177
4.685 167
4.686 166
4.687 199
4.688 193
4.689 187
4.69 195
4.691 202
4.692 189
4.693 210
4.694 227
4.695 174
4.696 223
4.697 209
4.698 212
4.699 231
4.7 222
4.701 194
4.702 120
4.703 94
4.704 102
4.705 100
4.706 102
4.707 104
4.708 106
4.709 121
4.71 104
4.711 102
4.712 106
4.713 102
4.714 120
4.715 133
4.716 123
4.717 128
4.718 107
4.719 108
4.72 109
4.721 108
4.722 117
4.723 110
4.724 98
4.725 108
4.726 129
4.727 123
4.728 104
4.729 69
4.73 90
4.731 83
4.732 80
4.733 61
4.734 54
4.735 62
4.736 66
4.737 38
4.738 57
4.739 54
4.74 52
4.741 62
4.742 54
4.743 51
4.744 62
4.745 50
4.746 73
4.747 58
4.748 51
4.749 56
4.75 55
4.751 63
4.752 48
4.753 48
4.754 57
4.755 56
4.756 51
4.757 54
4.758 60
4.759 34
4.76 51
4.761 46
4.762 45
4.763 43
4.764 41
4.765 51
4.766 26
4.767 42
4.768 43
4.769 36
4.77 33
4.771 43
4.772 27
4.773 40
4.774 30
4.775 27
4.776 50
4.777 42
4.778 30
4.779 49
4.78 35
4.781 40
4.782 40
4.783 80
4.784 179
4.785 226
4.786 217
4.787 203
4.788 211
4.789 202
4.79 216
4.791 226
4.792 223
4.793 222
4.794 223
4.795 223
4.796 239
4.797 244
4.798 220
4.799 226
4.8 238
4.801 235
4.802 274
4.803 239
4.804 253
4.805 230
4.806 210
4.807 252
4.808 266
4.809 242
4.81 274
4.811 207
4.812 181
4.813 192
4.814 185
4.815 148
4.816 68
4.817 75
4.818 70
4.819 77
4.82 87
4.821 171
4.822 173
4.823 169
4.824 179
4.825 200
4.826 208
4.827 182
4.828 230
4.829 212
4.83 236
4.831 145
4.832 135
4.833 139
4.834 141
4.835 155
4.836 96
4.837 116
4.838 99
4.839 98
4.84 60
4.841 58
4.842 67
4.843 65
4.844 62
4.845 81
4.846 56
4.847 62
4.848 69
4.849 70
4.85 72
4.851 72
4.852 38
4.853 46
4.854 66
4.855 61
4.856 68
4.857 61
4.858 58
4.859 55
4.86 53
4.861 56
4.862 61
4.863 53
4.864 64
4.865 50
4.866 60
4.867 73
4.868 67
4.869 61
4.87 66
4.871 52
4.872 49
4.873 65
4.874 67
4.875 51
4.876 49
4.877 59
4.878 70
4.879 66
4.88 56
4.881 66
4.882 57
4.883 50
4.884 63
4.885 58
4.886 63
4.887 72
4.888 64
4.889 60
4.89 66
4.891 72
4.892 60
4.893 83
4.894 58
4.895 132
4.896 109
4.897 112
4.898 125
4.899 116
4.9 104
4.901 115
4.902 109
4.903 128
4.904 105
4.905 115
4.906 117
4.907 122
4.908 104
4.909 83
4.91 63
4.911 59
4.912 56
4.913 59
4.914 74
4.915 62
4.916 63
4.917 60
4.918 59
4.919 52
4.92 60
4.921 55
4.922 50
4.923 57
4.924 55
4.925 55
4.926 46
4.927 55
4.928 54
4.929 59
4.93 50
4.931 63
4.932 62
4.933 58
4.934 60
4.935 59
4.936 72
4.937 50
4.938 55
4.939 49
4.94 69
4.941 55
4.942 51
4.943 48
4.944 51
4.945 66
4.946 93
4.947 98
4.948 79
4.949 114
4.95 84
4.951 87
4.952 102
4.953 87
4.954 71
4.955 99
4.956 113
4.957 98
4.958 65
4.959 63
4.96 60
4.961 73
4.962 55
4.963 66
4.964 33
4.965 31
4.966 26
4.967 37
4.968 33
4.969 27
4.97 32
4.971 45
4.972 29
4.973 26
4.974 27
4.975 33
4.976 33
4.977 31
4.978 34
4.979 27
4.98 40
4.981 25
4.982 28
4.983 34
4.984 32
4.985 47
4.986 30
4.987 26
4.988 34
4.989 29
4.99 29
4.991 33
4.992 23
4.993 37
4.994 36
4.995 23
4.996 22
4.997 27
4.998 19
4.999 16
5 23
5.001 19
5.002 14
5.003 20
5.004 20
5.005 34
5.006 20
5.007 14
5.008 20
5.009 15
5.01 21
5.011 12
5.012 15
5.013 14
5.014 12
5.015 19
5.016 10
5.017 10
5.018 15
5.019 18
5.02 17
5.021 18
5.022 18
5.023 17
5.024 6
5.025 17
5.026 15
5.027 10
5.028 16
5.029 5
5.03 12
5.031 9
5.032 17
5.033 12
5.034 10
5.035 15
5.036 16
5.037 38
5.038 62
5.039 47
5.04 44
5.041 36
5.042 18
5.043 26
5.044 16
5.045 20
5.046 19
5.047 23
5.048 23
5.049 16
5.05 15
5.051 21
5.052 24
5.053 24
5.054 15
5.055 12
5.056 19
5.057 26
5.058 23
5.059 34
5.06 24
5.061 18
5.062 15
5.063 28
5.064 20
5.065 21
5.066 11
5.067 17
5.068 18
5.069 16
5.07 20
5.071 24
5.072 17
5.073 15
5.074 13
5.075 21
5.076 7
5.077 12
5.078 20
5.079 22
5.08 34
5.081 39
5.082 45
5.083 45
5.084 39
5.085 38
5.086 40
5.087 27
5.088 33
5.089 30
5.09 37
5.091 29
5.092 41
5.093 22
5.094 29
5.095 48
5.096 26
5.097 21
5.098 40
5.099 48
5.1 38
5.101 44
5.102 44
5.103 43
5.104 46
5.105 33
5.106 34
5.107 52
5.108 49
5.109 42
5.11 48
5.111 51
5.112 42
5.113 44
5.114 49
5.115 36
5.116 47
5.117 35
5.118 44
5.119 39
5.12 32
5.121 40
5.122 53
5.123 39
5.124 45
5.125 24
5.126 55
5.127 29
5.128 44
5.129 41
5.13 43
5.131 54
5.132 42
5.133 40
5.134 42
5.135 55
5.136 54
5.137 56
5.138 39
5.139 33
5.14 46
5.141 44
5.142 49
5.143 37
5.144 29
5.145 36
5.146 37
5.147 32
5.148 34
5.149 24
5.15 43
5.151 39
5.152 45
5.153 35
5.154 46
5.155 48
5.156 57
5.157 42
5.158 54
5.159 51
5.16 49
5.161 40
5.162 41
5.163 34
5.164 50
5.165 44
5.166 30
5.167 42
5.168 40
5.169 44
5.17 46
5.171 58
5.172 51
5.173 45
5.174 40
5.175 50
5.176 49
5.177 46
5.178 42
5.179 40
5.18 30
5.181 56
5.182 48
5.183 40
5.184 44
5.185 38
5.186 52
5.187 42
5.188 34
5.189 39
5.19 40
5.191 43
5.192 40
5.193 30
5.194 46
5.195 43
5.196 48
5.197 45
5.198 44
5.199 45
5.2 51
5.201 40
5.202 32
5.203 39
5.204 38
5.205 40
5.206 49
5.207 28
5.208 40
5.209 47
5.21 34
5.211 41
5.212 33
5.213 46
5.214 45
5.215 45
5.216 40
5.217 45
5.218 38
5.219 56
5.22 42
5.221 55
5.222 27
5.223 26
5.224 29
5.225 29
5.226 19
5.227 21
5.228 29
5.229 15
5.23 36
5.231 20
5.232 32
5.233 26
5.234 30
5.235 25
5.236 30
5.237 29
5.238 24
5.239 18
5.24 25
5.241 20
5.242 31
5.243 14
5.244 23
5.245 24
5.246 26
5.247 24
5.248 24
5.249 14
5.25 26
5.251 35
5.252 20
5.253 35
5.254 32
5.255 22
5.256 20
5.257 29
5.258 25
5.259 29
5.26 31
5.261 20
5.262 24
5.263 38
5.264 32
5.265 38
5.266 45
5.267 42
5.268 44
5.269 36
5.27 43
5.271 31
5.272 34
5.273 29
5.274 25
5.275 25
5.276 37
5.277 24
5.278 24
5.279 27
5.28 26
5.281 19
5.282 21
5.283 22
5.284 32
5.285 28
5.286 38
5.287 19
5.288 16
5.289 24
5.29 26
5.291 32
5.292 19
5.293 29
5.294 23
5.295 26
5.296 14
5.297 22
5.298 28
5.299 24
5.3 21
5.301 21
5.302 22
5.303 25
5.304 19
5.305 24
5.306 35
5.307 20
5.308 31
5.309 28
5.31 18
5.311 31
5.312 28
5.313 25
5.314 30
5.315 26
5.316 28
5.317 31
5.318 32
5.319 24
5.32 17
5.321 24
5.322 22
5.323 29
5.324 30
5.325 35
5.326 29
5.327 23
5.328 30
5.329 27
5.33 27
5.331 17
5.332 31
5.333 23
5.334 31
5.335 27
5.336 14
5.337 29
5.338 21
5.339 37
5.34 25
5.341 37
5.342 28
5.343 28
5.344 30
5.345 34
5.346 29
5.347 32
5.348 33
5.349 27
5.35 28
5.351 38
5.352 34
5.353 36
5.354 40
5.355 28
5.356 30
5.357 27
5.358 24
5.359 28
5.36 21
5.361 37
5.362 27
5.363 34
5.364 25
5.365 26
5.366 34
5.367 33
5.368 32
5.369 30
5.37 23
5.371 35
5.372 35
5.373 28
5.374 26
5.375 19
5.376 14
5.377 22
5.378 15
5.379 22
5.38 13
5.381 17
5.382 16
5.383 23
5.384 28
5.385 32
5.386 22
5.387 37
5.388 36
5.389 41
5.39 38
5.391 31
5.392 27
5.393 24
5.394 43
5.395 36
5.396 20
5.397 44
5.398 29
5.399 31
5.4 35
5.401 36
5.402 24
5.403 38
5.404 25
5.405 30
5.406 32
5.407 28
5.408 36
5.409 33
5.41 28
5.411 31
5.412 23
5.413 22
5.414 16
5.415 24
5.416 24
5.417 21
5.418 30
5.419 32
5.42 20
5.421 14
5.422 35
5.423 25
5.424 28
5.425 21
5.426 23
5.427 28
5.428 39
5.429 20
5.43 36
5.431 38
5.432 30
5.433 16
5.434 35
5.435 42
5.436 43
5.437 48
5.438 47
5.439 39
5.44 49
5.441 48
5.442 47
5.443 22
5.444 24
5.445 29
5.446 23
5.447 25
5.448 24
5.449 19
5.45 24
5.451 17
5.452 13
5.453 21
5.454 21
5.455 18
5.456 19
5.457 18
5.458 13
5.459 33
5.46 23
5.461 17
5.462 24
5.463 22
5.464 19
5.465 22
5.466 24
5.467 27
5.468 17
5.469 18
5.47 19
5.471 18
5.472 20
5.473 19
5.474 33
5.475 21
5.476 18
5.477 26
5.478 22
5.479 33
5.48 29
5.481 16
5.482 24
5.483 14
5.484 28
5.485 35
5.486 26
5.487 23
5.488 33
5.489 16
5.49 20
5.491 12
5.492 20
5.493 21
5.494 18
5.495 22
5.496 28
5.497 15
5.498 31
5.499 18
5.5 16
5.501 17
5.502 17
5.503 18
5.504 14
5.505 20
5.506 23
5.507 20
5.508 21
5.509 11
5.51 20
5.511 26
5.512 29
5.513 17
5.514 13
5.515 13
5.516 19
5.517 20
5.518 11
5.519 17
5.52 26
5.521 20
5.522 16
5.523 16
5.524 20
5.525 15
5.526 14
5.527 20
5.528 12
5.529 5
5.53 6
5.531 4
5.532 12
5.533 15
5.534 9
5.535 9
5.536 3
5.537 11
5.538 7
5.539 3
5.54 10
5.541 5
5.542 8
5.543 9
5.544 6
5.545 4
5.546 10
5.547 8
5.548 5
5.549 10
5.55 7
5.551 9
5.552 6
5.553 15
5.554 7
5.555 16
5.556 7
5.557 15
5.558 12
5.559 13
5.56 17
5.561 10
5.562 12
5.563 19
5.564 7
5.565 14
5.566 12
5.567 14
5.568 8
5.569 11
5.57 18
5.571 4
5.572 12
5.573 15
5.574 9
5.575 9
5.576 14
5.577 14
5.578 15
5.579 14
5.58 13
5.581 14
5.582 6
5.583 8
5.584 6
5.585 19
5.586 13
5.587 9
5.588 9
5.589 12
5.59 15
5.591 7
5.592 9
5.593 10
5.594 9
5.595 9
5.596 15
5.597 15
5.598 11
5.599 11
5.6 11
5.601 7
5.602 12
5.603 9
5.604 10
5.605 15
5.606 6
5.607 15
5.608 14
5.609 11
5.61 16
5.611 11
5.612 11
5.613 11
5.614 10
5.615 14
5.616 9
5.617 17
5.618 10
5.619 13
5.62 12
5.621 10
5.622 12
5.623 15
5.624 11
5.625 15
5.626 23
5.627 11
5.628 20
5.629 21
5.63 17
5.631 16
5.632 10
5.633 12
5.634 15
5.635 12
5.636 22
5.637 12
5.638 17
5.639 18
5.64 15
5.641 11
5.642 12
5.643 15
5.644 13
5.645 12
5.646 9
5.647 15
5.648 22
5.649 21
5.65 18
5.651 21
5.652 18
5.653 17
5.654 15
5.655 22
5.656 20
5.657 20
5.658 24
5.659 13
5.66 17
5.661 15
5.662 17
5.663 24
5.664 13
5.665 16
5.666 21
5.667 16
5.668 15
5.669 18
5.67 14
5.671 14
5.672 15
5.673 20
5.674 22
5.675 10
5.676 12
5.677 20
5.678 20
5.679 18
5.68 9
5.681 16
5.682 17
5.683 17
5.684 24
5.685 26
5.686 15
5.687 16
5.688 20
5.689 15
5.69 17
5.691 15
5.692 10
5.693 12
5.694 9
5.695 19
5.696 14
5.697 15
5.698 14
5.699 12
5.7 10
5.701 14
5.702 25
5.703 18
5.704 13
5.705 8
5.706 18
5.707 15
5.708 15
5.709 16
5.71 9
5.711 9
5.712 16
5.713 13
5.714 19
5.715 11
5.716 16
5.717 11
5.718 11
5.719 14
5.72 11
5.721 10
5.722 10
5.723 17
5.724 14
5.725 20
5.726 16
5.727 11
5.728 13
5.729 12
5.73 16
5.731 22
5.732 23
5.733 15
5.734 16
5.735 12
5.736 15
5.737 12
5.738 18
5.739 25
5.74 24
5.741 18
5.742 19
5.743 15
5.744 11
5.745 9
5.746 14
5.747 13
5.748 12
5.749 14
5.75 13
5.751 11
5.752 11
5.753 16
5.754 8
5.755 10
5.756 17
5.757 8
5.758 12
5.759 11
5.76 13
5.761 13
5.762 13
5.763 8
5.764 17
5.765 13
5.766 9
5.767 11
5.768 14
5.769 16
5.77 9
5.771 12
5.772 14
5.773 16
5.774 14
5.775 11
5.776 8
5.777 7
5.778 12
5.779 6
5.78 9
5.781 9
5.782 10
5.783 10
5.784 11
5.785 7
5.786 8
5.787 12
5.788 6
5.789 4
5.79 11
5.791 12
5.792 7
5.793 6
5.794 10
5.795 12
5.796 7
5.797 5
5.798 11
5.799 8
5.8 7
5.801 15
5.802 17
5.803 8
5.804 15
5.805 11
5.806 10
5.807 10
5.808 11
5.809 12
5.81 11
5.811 11
5.812 11
5.813 11
5.814 12
5.815 8
5.816 6
5.817 17
5.818 9
5.819 18
5.82 15
5.821 9
5.822 12
5.823 15
5.824 10
5.825 15
5.826 9
5.827 8
5.828 10
5.829 15
5.83 23
5.831 20
5.832 18
5.833 10
5.834 24
5.835 19
5.836 27
5.837 14
5.838 18
5.839 19
5.84 10
5.841 17
5.842 19
5.843 13
5.844 17
5.845 18
5.846 18
5.847 17
5.848 20
5.849 22
5.85 17
5.851 16
5.852 22
5.853 13
5.854 5
5.855 15
5.856 19
5.857 19
5.858 24
5.859 16
5.86 24
5.861 15
5.862 13
5.863 21
5.864 15
5.865 16
5.866 17
5.867 22
5.868 20
5.869 22
5.87 25
5.871 18
5.872 23
5.873 14
5.874 24
5.875 23
5.876 14
5.877 19
5.878 19
5.879 16
5.88 16
5.881 10
5.882 19
5.883 21
5.884 15
5.885 20
5.886 18
5.887 15
5.888 12
5.889 17
5.89 13
5.891 9
5.892 16
5.893 19
5.894 21
5.895 15
5.896 21
5.897 11
5.898 15
5.899 17
5.9 17
5.901 14
5.902 18
5.903 15
5.904 20
5.905 17
5.906 12
5.907 18
5.908 19
5.909 10
5.91 14
5.911 16
5.912 15
5.913 17
5.914 17
5.915 15
5.916 15
5.917 21
5.918 21
5.919 10
5.92 15
5.921 17
5.922 14
5.923 17
5.924 18
5.925 11
5.926 13
5.927 13
5.928 14
5.929 18
5.93 21
5.931 15
5.932 14
5.933 20
5.934 17
5.935 11
5.936 15
5.937 26
5.938 21
5.939 18
5.94 11
5.941 16
5.942 19
5.943 22
5.944 26
5.945 14
5.946 17
5.947 15
5.948 11
5.949 17
5.95 10
5.951 7
5.952 15
5.953 11
5.954 14
5.955 8
5.956 15
5.957 7
5.958 14
5.959 13
5.96 12
5.961 10
5.962 9
5.963 8
5.964 12
5.965 10
5.966 10
5.967 7
5.968 13
5.969 6
5.97 7
5.971 10
5.972 6
5.973 10
5.974 11
5.975 9
5.976 5
5.977 5
5.978 9
5.979 8
5.98 5
5.981 4
5.982 6
5.983 7
5.984 5
5.985 7
5.986 7
5.987 4
5.988 3
5.989 4
5.99 7
5.991 9
5.992 6
5.993 5
5.994 10
5.995 2
5.996 3
5.997 10
5.998 5
5.999 11
6 3
6.001 6
6.002 8
6.003 12
6.004 7
6.005 5
6.006 6
6.007 7
6.008 9
6.009 6
6.01 4
6.011 3
6.012 7
6.013 8
6.014 7
6.015 8
6.016 12
6.017 4
6.018 11
6.019 3
6.02 9
6.021 9
6.022 5
6.023 6
6.024 8
6.025 3
6.026 5
6.027 5
6.028 4
6.029 9
6.03 9
6.031 4
6.032 10
6.033 3
6.034 9
6.035 4
6.036 6
6.037 7
6.038 6
6.039 5
6.04 7
6.041 9
6.042 5
6.043 5
6.044 6
6.045 4
6.046 5
6.047 3
6.048 7
6.049 5
6.05 6
6.051 8
6.052 9
6.053 7
6.054 9
6.055 12
6.056 5
6.057 1
6.058 10
6.059 2
6.06 6
6.061 5
6.062 11
6.063 8
6.064 2
6.065 8
6.066 4
6.067 9
6.068 5
6.069 7
6.07 7
6.071 9
6.072 6
6.073 10
6.074 11
6.075 7
6.076 5
6.077 6
6.078 5
6.079 3
6.08 3
6.081 11
6.082 5
6.083 4
6.084 6
6.085 10
6.086 2
6.087 6
6.088 6
6.089 9
6.09 4
6.091 3
6.092 5
6.093 5
6.094 5
6.095 4
6.096 5
6.097 3
6.098 7
6.099 12
6.1 4
6.101 8
6.102 6
6.103 4
6.104 3
6.105 7
6.106 9
6.107 7
6.108 9
6.109 10
6.11 8
6.111 8
6.112 6
6.113 3
6.114 7
6.115 8
6.116 2
6.117 5
6.118 7
6.119 10
6.12 7
6.121 7
6.122 6
6.123 6
6.124 6
6.125 4
6.126 10
6.127 8
6.128 8
6.129 5
6.13 11
6.131 7
6.132 6
6.133 4
6.134 3
6.135 10
6.136 9
6.137 3
6.138 2
6.139 3
6.14 5
6.141 7
6.142 3
6.143 4
6.144 7
6.145 5
6.146 4
6.147 2
6.148 7
6.149 7
6.15 4
6.151 6
6.152 3
6.153 6
6.154 7
6.155 4
6.156 8
6.157 9
6.158 4
6.159 10
6.16 6
6.161 5
6.162 5
6.163 6
6.164 7
6.165 3
6.166 5
6.167 6
6.168 6
6.169 3
6.17 12
6.171 8
6.172 2
6.173 3
6.174 6
6.175 2
6.176 8
6.177 8
6.178 3
6.179 1
6.18 4
6.181 2
6.182 6
6.183 9
6.184 8
6.185 5
6.186 5
6.187 7
6.188 5
6.189 11
6.19 5
6.191 10
6.193 5
6.194 10
6.195 8
6.196 7
6.197 6
6.198 4
6.199 3
6.2 5
6.201 7
6.202 7
6.203 8
6.204 10
6.205 6
6.206 8
6.207 7
6.208 2
6.209 4
6.21 6
6.211 2
6.212 5
6.213 8
6.214 5
6.215 7
6.216 5
6.218 5
6.219 1
6.22 5
6.221 4
6.222 4
6.223 1
6.224 1
6.225 4
6.226 1
6.227 5
6.228 7
6.229 2
6.23 3
6.231 3
6.232 2
6.233 1
6.234 2
6.235 3
6.236 5
6.237 4
6.238 2
6.239 7
6.24 1
6.241 6
6.242 1
6.243 1
6.244 4
6.245 1
6.246 3
6.247 3
6.248 3
6.249 2
6.25 1
6.251 2
6.252 3
6.253 1
6.254 2
6.255 10
6.256 2
6.257 6
6.258 3
6.259 1
6.26 2
6.261 1
6.262 2
6.263 3
6.264 1
6.265 6
6.266 1
6.267 6
6.268 3
6.269 3
6.27 3
6.271 3
6.272 2
6.273 4
6.274 3
6.275 3
6.276 2
6.277 3
6.278 4
6.279 3
6.28 4
6.281 3
6.282 6
6.283 7
6.284 3
6.285 6
6.286 1
6.287 1
6.288 4
6.289 3
6.29 1
6.291 2
6.292 5
6.293 2
6.294 4
6.295 3
6.296 4
6.297 3
6.298 4
6.299 2
6.3 5
6.302 2
6.303 1
6.304 2
6.305 3
6.306 9
6.307 2
6.308 5
6.309 4
6.31 6
6.311 7
6.312 2
6.313 3
6.314 3
6.315 4
6.316 2
6.317 5
6.318 3
6.319 4
6.32 4
6.321 1
6.322 3
6.323 5
6.324 3
6.325 2
6.326 3
6.327 5
6.328 2
6.329 2
6.33 7
6.331 3
6.333 1
6.334 1
6.336 1
6.337 1
6.338 2
6.339 4
6.34 1
6.341 4
6.343 1
6.344 3
6.345 1
6.346 3
6.348 2
6.349 3
6.35 3
6.351 3
6.352 4
6.353 1
6.354 2
6.355 2
6.356 3
6.357 3
6.359 4
6.36 3
6.361 1
6.362 4
6.363 2
6.364 1
6.365 3
6.366 4
6.367 2
6.369 4
6.37 2
6.371 2
6.372 2
6.373 1
6.374 2
6.375 1
6.376 2
6.378 1
6.385 2
6.386 3
6.387 3
6.388 1
6.389 1
6.391 1
6.393 1
6.395 1
6.396 1
6.397 2
6.398 1
6.399 3
6.401 1
6.402 2
6.403 1
6.405 2
6.406 3
6.408 2
6.41 1
6.414 3
6.415 2
6.416 2
6.417 2
6.418 1
6.419 1
6.42 2
6.421 3
6.422 2
6.423 1
6.424 2
6.425 1
6.428 1
6.43 1
6.433 1
6.434 1
6.435 3
6.436 1
6.438 3
6.439 2
6.441 1
6.442 1
6.444 1
6.445 3
6.448 2
6.449 3
6.451 2
6.452 2
6.453 2
6.454 2
6.456 1
6.457 4
6.458 6
6.459 2
6.46 1
6.461 4
6.464 1
6.465 3
6.466 3
6.468 1
6.469 2
6.471 3
6.472 2
6.473 5
6.476 1
6.477 1
6.478 2
6.48 2
6.481 2
6.482 1
6.483 1
6.484 3
6.485 1
6.486 2
6.487 2
6.488 2
6.489 1
6.49 4
6.491 3
6.492 3
6.494 2
6.495 3
6.496 4
6.497 3
6.499 2
6.5 2
6.501 2
6.502 5
6.503 1
6.504 2
6.505 2
6.506 5
6.507 3
6.508 1
6.509 2
6.51 1
6.511 3
6.512 1
6.513 2
6.514 1
6.515 4
6.516 4
6.517 4
6.518 2
6.52 1
6.521 4
6.522 3
6.523 2
6.524 1
6.525 3
6.526 3
6.527 2
6.528 1
6.53 3
6.531 1
6.532 3
6.534 3
6.535 3
6.536 1
6.537 1
6.538 2
6.539 1
6.54 1
6.541 3
6.542 3
6.544 3
6.545 3
6.546 2
6.547 3
6.548 4
6.549 5
6.55 7
6.552 1
6.553 1
6.554 2
6.556 3
6.557 1
6.558 4
6.559 4
6.56 1
6.561 1
6.562 2
6.563 1
6.564 1
6.566 1
6.567 2
6.568 2
6.569 2
6.57 3
6.571 3
6.573 3
6.575 2
6.576 1
6.577 3
6.578 5
6.579 2
6.58 6
6.581 2
6.582 3
6.583 1
6.584 1
6.585 3
6.587 1
6.588 4
6.589 5
6.59 2
6.592 2
6.593 1
6.594 3
6.595 1
6.597 3
6.598 1
6.599 3
6.6 1
6.601 1
6.602 2
6.603 1
6.605 2
6.606 3
6.607 1
6.608 1
6.609 2
6.61 1
6.611 4
6.614 1
6.616 3
6.617 2
6.618 2
6.62 4
6.623 3
6.624 2
6.625 1
6.626 1
6.627 1
6.628 4
6.629 2
6.63 1
6.632 2
6.633 1
6.636 1
6.637 2
6.638 1
6.64 1
6.641 1
6.642 2
6.644 1
6.645 1
6.647 1
6.648 2
6.649 2
6.651 2
6.652 2
6.653 1
6.655 2
6.656 2
6.661 1
6.662 2
6.663 2
6.664 2
6.666 2
6.667 1
6.668 1
6.67 1
6.671 1
6.675 1
6.676 1
6.678 1
6.679 2
6.68 3
6.684 1
6.685 1
6.69 1
6.691 1
6.693 2
6.698 1
6.699 2
6.7 1
6.701 1
6.704 3
6.705 1
6.706 5
6.71 1
6.712 1
6.713 2
6.714 2
6.715 1
6.716 2
6.718 2
6.719 1
6.722 1
6.723 1
6.725 2
6.73 1
6.733 2
6.734 1
6.736 1
6.737 1
6.738 1
6.742 1
6.745 1
6.746 2
6.75 1
6.752 2
6.753 1
6.754 2
6.757 1
6.758 1
6.759 1
6.76 2
6.761 2
6.763 2
6.764 1
6.765 1
6.768 1
6.769 2
6.771 4
6.772 1
6.773 2
6.775 1
6.777 1
6.778 2
6.779 1
6.781 2
6.782 1
6.783 3
6.786 1
6.79 1
6.792 2
6.794 2
6.795 1
6.796 1
6.8 1
6.803 1
6.804 2
6.806 1
6.808 1
6.814 1
6.815 1
6.822 2
6.823 2
6.825 2
6.827 1
6.829 2
6.83 1
6.831 1
6.832 1
6.833 1
6.834 1
6.836 1
6.841 1
6.842 2
6.848 1
6.852 1
6.853 1
6.855 2
6.856 1
6.862 1
6.864 1
6.866 1
6.867 1
6.872 1
6.873 1
6.875 1
6.876 1
6.878 2
6.885 1
6.886 2
6.887 1
6.891 1
6.893 1
6.894 1
6.897 1
6.899 1
6.9 1
6.901 1
6.902 1
6.904 1
6.906 3
6.908 2
6.91 1
6.911 2
6.915 1
6.917 1
6.922 1
6.926 1
6.928 2
6.93 2
6.932 1
6.933 1
6.934 1
6.937 2
6.95 1
6.951 1
6.955 1
6.967 3
6.968 1
6.97 1
6.971 3
6.982 1
6.986 1
6.987 2
6.988 1
6.989 2
6.992 1
6.995 1
6.998 1
6.999 1
7 1
7.003 2
7.008 1
7.009 4
7.011 1
7.019 1
7.024 1
7.026 1
7.03 1
7.031 1
7.037 1
7.039 1
7.046 1
7.047 1
7.051 1
7.052 1
7.053 1
7.055 1
7.056 1
7.057 1
7.06 1
7.063 1
7.064 1
7.073 1
7.075 2
7.082 1
7.083 1
7.085 2
7.086 1
7.089 1
7.091 1
7.092 1
7.098 1
7.1 1
7.104 1
7.106 1
7.109 1
7.11 1
7.111 1
7.114 2
7.116 2
7.119 1
7.12 1
7.125 1
7.126 1
7.133 1
7.134 1
7.137 2
7.14 1
7.141 1
7.142 1
7.146 1
7.15 1
7.153 1
7.154 1
7.161 1
7.166 1
7.169 1
7.171 1
7.172 1
7.173 1
7.174 1
7.177 2
7.178 1
7.181 1
7.182 1
7.186 1
7.19 1
7.192 1
7.199 1
7.202 1
7.207 1
7.216 2
7.219 2
7.221 1
7.222 2
7.223 1
7.225 1
7.228 1
7.231 2
7.233 1
7.235 1
7.237 1
7.241 1
7.246 1
7.247 1
7.249 1
7.254 1
7.264 1
7.268 1
7.272 1
7.273 2
7.274 1
7.285 2
7.286 1
7.297 1
7.311 1
7.317 1
7.318 1
7.32 1
7.326 2
7.328 1
7.331 1
7.334 1
7.335 1
7.337 1
7.341 1
7.344 1
7.346 1
7.348 2
7.356 1
7.369 1
7.37 1
7.373 2
7.375 1
7.376 1
7.377 2
7.383 1
7.387 1
7.389 2
7.392 1
7.393 2
7.397 1
7.4 1
7.401 2
7.407 1
7.409 1
7.418 1
7.421 1
7.422 2
7.425 1
7.426 1
7.428 1
7.429 1
7.43 2
7.431 1
7.432 1
7.433 1
7.435 1
7.436 1
7.44 1
7.45 1
7.451 1
7.453 3
7.454 1
7.461 1
7.462 1
7.465 1
7.466 1
7.468 1
7.47 1
7.471 1
7.472 1
7.475 1
7.479 1
7.48 1
7.481 1
7.483 1
7.486 3
7.487 1
7.491 2
7.492 2
7.494 1
7.496 1
7.497 2
7.502 1
7.507 1
7.508 2
7.509 1
7.511 3
7.512 2
7.513 1
7.514 1
7.516 1
7.517 1
7.525 1
7.527 1
7.529 1
7.53 2
7.532 1
7.534 1
7.535 1
7.536 3
7.541 2
7.543 1
7.544 1
7.546 1
7.547 3
7.549 1
7.55 2
7.552 1
7.553 2
7.554 1
7.557 2
7.558 1
7.559 1
7.561 1
7.563 2
7.564 5
7.565 2
7.566 1
7.571 2
7.575 1
7.578 1
7.58 1
7.581 1
7.584 1
7.585 1
7.586 1
7.587 1
7.589 1
7.59 1
7.591 1
7.593 2
7.596 2
7.597 1
7.599 1
7.6 2
7.606 1
7.61 1
7.613 1
7.616 1
7.618 3
7.62 1
7.621 1
7.623 2
7.628 1
7.63 3
7.632 1
7.633 1
7.64 1
7.642 1
7.643 2
7.65 1
7.652 1
7.653 3
7.654 1
7.658 1
7.66 1
7.661 1
7.662 2
7.663 1
7.665 1
7.669 1
7.672 1
7.673 1
7.676 2
7.678 1
7.679 1
7.681 2
7.682 1
7.684 1
7.685 1
7.688 2
7.689 1
7.691 2
7.698 1
7.7 1
7.706 1
7.711 1
7.713 1
7.714 1
7.715 1
7.717 2
7.72 1
7.722 1
7.723 1
7.726 1
7.731 1
7.737 1
7.738 1
7.744 1
7.746 2
7.75 1
7.753 1
7.755 1
7.769 2
7.771 1
7.772 1
7.782 1
7.784 1
7.787 1
7.789 1
7.793 1
7.795 2
7.803 1
7.821 1
7.825 1
7.827 2
7.829 1
7.845 2
7.855 2
7.856 1
7.857 1
7.861 1
7.868 1
7.876 2
7.878 1
7.88 1
7.885 1
7.891 1
7.895 1
7.901 1
7.908 1
7.913 1
7.914 1
7.926 1
7.929 1
7.931 1
7.939 1
7.943 1
7.972 1
7.981 1
7.985 1
8 1
8.006 1
8.042 1
8.06 1
8.068 1
8.07 1
8.081 1
8.088 1
8.092 1
8.104 1
8.109 1
8.119 1
8.14 1
8.147 1
8.156 1
8.161 1
8.164 1
8.166 1
8.176 1
8.2 2
8.203 1
8.221 1
8.236 2
8.239 1
8.258 1
8.262 1
8.277 1
8.285 1
8.31 1
8.324 1
8.334 1
8.356 1
8.362 1
8.389 1
8.412 1
8.431 1
8.436 1
8.444 1
8.45 1
8.465 1
8.497 1
8.513 1
8.527 1
8.529 1
8.561 1
8.566 1
8.568 1
8.578 1
8.585 1
8.598 1
8.623 1
8.662 1
8.693 1
8.726 1
8.73 1
8.741 1
8.751 1
8.761 1
8.794 1
8.795 1
8.809 1
8.853 1
8.857 1
8.863 1
8.885 1
8.887 1
8.892 1
8.895 1
8.911 1
8.913 1
8.914 1
8.925 1
8.927 1
8.942 2
8.944 1
8.949 1
8.951 1
8.961 2
8.962 1
8.966 1
8.971 1
8.977 1
9.011 1
9.015 1
9.018 1
9.02 1
9.022 1
9.053 1
9.064 1
9.066 1
9.077 1
9.079 1
9.094 1
9.095 1
9.103 1
9.114 1
9.137 1
9.151 1
9.158 1
9.168 1
9.178 1
9.18 1
9.183 1
9.185 1
9.205 1
9.207 1
9.209 1
9.223 1
9.226 1
9.241 1
9.247 1
9.253 1
9.256 1
9.272 1
9.274 1
9.304 1
9.322 1
9.339 1
9.349 1
9.355 2
9.378 1
9.4 1
9.41 1
9.43 1
9.446 1
9.45 1
9.463 2
9.482 1
9.486 1
9.488 1
9.496 1
9.505 1
9.511 1
9.513 1
9.515 1
9.52 1
9.522 1
9.524 1
9.527 1
9.535 1
9.539 3
9.542 1
9.553 1
9.567 1
9.576 1
9.591 1
9.615 1
9.618 1
9.62 1
9.623 1
9.627 1
9.636 1
9.648 1
9.689 1
9.698 1
9.714 1
9.721 1
9.756 1
9.757 1
9.762 1
9.774 1
9.802 1
9.804 1
9.812 1
9.817 1
9.828 1
9.837 1
9.854 1
9.886 1
9.896 2
9.897 1
9.899 1
9.936 1
9.944 1
9.955 1
9.96 1
9.965 1
9.968 1
9.985 1
10 1
10.007 1
10.012 1
10.015 1
10.021 1
10.023 1
10.024 1
10.06 1
10.061 1
10.062 1
10.071 1
10.073 1
10.085 1
10.091 1
10.108 1
10.117 1
10.118 1
10.121 1
10.125 1
10.131 1
10.135 1
10.146 1
10.15 1
10.158 1
10.174 1
10.181 1
10.2 1
10.208 1
10.216 1
10.217 1
10.218 1
10.22 1
10.223 1
10.226 1
10.229 1
10.239 1
10.252 1
10.256 2
10.266 1
10.267 1
10.271 1
10.28 1
10.281 1
10.29 1
10.292 1
10.293 1
10.294 2
10.295 2
10.297 1
10.301 1
10.305 1
10.307 1
10.308 1
10.311 1
10.312 1
10.316 1
10.318 2
10.325 1
10.326 1
10.327 1
10.329 1
10.339 1
10.343 1
10.353 2
10.354 1
10.36 2
10.37 1
10.371 1
10.372 1
10.378 2
10.381 1
10.391 1
10.394 2
10.408 1
10.417 2
10.42 2
10.423 1
10.426 1
10.427 1
10.432 1
10.433 1
10.434 1
10.438 1
10.441 1
10.444 1
10.445 1
10.446 1
10.448 1
10.452 1
10.454 1
10.456 2
10.46 1
10.461 1
10.47 1
10.483 1
10.487 1
10.493 1
10.497 1
10.503 1
10.506 1
10.521 1
10.534 1
10.542 1
10.552 1
10.553 2
10.555 1
10.556 1
10.564 1
10.565 1
10.568 1
10.58 1
10.586 1
10.587 1
10.595 1
10.598 1
10.599 1
10.601 1
10.602 1
10.605 1
10.606 2
10.607 1
10.613 1
10.617 2
10.625 1
10.626 1
10.629 1
10.632 1
10.666 1
10.67 1
10.678 1
10.681 1
10.685 1
10.697 1
10.699 1
10.701 1
10.707 1
10.711 1
10.718 1
10.72 2
10.732 1
10.733 2
10.734 1
10.738 1
10.739 1
10.741 1
10.742 1
10.756 2
10.759 1
10.76 1
10.762 1
10.767 1
10.775 1
10.776 1
10.779 1
10.788 1
10.79 2
10.791 1
10.793 1
10.8 1
10.801 1
10.804 1
10.808 1
10.809 1
10.812 1
10.82 1
10.846 1
10.847 1
10.852 1
10.857 1
10.858 1
10.861 1
10.866 1
10.867 2
10.875 3
10.876 1
10.882 2
10.891 2
10.894 1
10.898 1
10.902 1
10.916 1
10.921 1
10.922 1
10.923 1
10.924 1
10.928 1
10.934 1
10.936 1
10.94 2
10.953 1
10.957 1
10.959 1
10.961 1
10.97 2
10.971 1
10.973 2
10.977 1
10.978 1
10.983 1
10.988 2
11.04 1
11.05 1
11.055 1
11.068 1
11.069 1
11.076 1
11.081 1
11.083 1
11.085 1
11.09 1
11.092 1
11.099 1
11.104 1
11.106 1
11.108 1
11.111 1
11.119 1
11.123 1
11.128 1
11.129 1
11.13 1
11.136 1
11.158 2
11.161 2
11.169 1
11.177 1
11.18 1
11.203 2
11.205 1
11.209 1
11.252 1
11.263 1
11.315 1
11.342 1
11.369 1
11.399 1
11.42 1
11.432 1
11.435 1
11.44 1
11.441 1
11.483 1
11.485 1
11.511 1
11.513 1
11.534 1
11.542 1
11.557 1
11.56 1
11.621 1
11.627 1
11.634 1
11.642 1
11.691 1
11.696 1
11.716 1
11.718 1
11.722 1
11.724 1
11.735 1
11.738 1
11.77 1
11.777 1
11.781 1
11.856 1
11.863 1
11.99 1
12.073 1
12.093 1
12.103 2
12.117 1
12.154 1
12.17 2
12.255 1
12.312 1
12.36 1
12.422 1
12.436 1
12.445 1
12.458 1
12.486 1
12.488 1
12.55 1
12.582 1
12.618 1
12.779 1
12.805 1
12.809 1
12.872 1
12.917 1
12.984 1
13.021 1
13.027 1
13.043 1
13.067 1
13.104 1
13.139 1
13.169 1
13.171 1
13.188 1
13.287 1
13.434 1
13.569 2
13.629 1
13.648 1
13.711 1
13.828 1
13.877 1
14.036 1
14.093 1
14.231 1
14.283 1
14.373 1
14.411 1
